>>>TEST RECORD START<<<

fmax:
fmax,100000.000000
fmax,100000.000000
fmax,100000.000000
fmax,100000.000000
fmax,100000.000000
fmax,100000.000000
fmax,100000.000000
fmax,100000.000000
fmax,100000.000000
fmax,100000.000000

opt_arr:
f1
opt_arr,-1.453139
opt_arr,0.273904
opt_arr,4.978637
opt_arr,0.032807
opt_arr,-4.104587
opt_arr,4.637745
opt_arr,-3.805811
opt_arr,2.858211
opt_arr,-0.184790
opt_arr,0.243080

f2
opt_arr,3.632466
opt_arr,-1.262703
opt_arr,4.728996
opt_arr,-3.537553
opt_arr,-3.748131
opt_arr,4.564806
opt_arr,3.629719
opt_arr,-1.712546
opt_arr,2.169103
opt_arr,1.720481

f3
opt_arr,0.194861
opt_arr,-3.767357
opt_arr,0.194861
opt_arr,-2.298502
opt_arr,-4.859310
opt_arr,3.525956
opt_arr,-0.480209
opt_arr,3.321787
opt_arr,-4.122898
opt_arr,3.392895

f4
opt_arr,-0.896481
opt_arr,0.786615
opt_arr,3.524125
opt_arr,4.254128
opt_arr,3.337352
opt_arr,2.964721
opt_arr,-3.643757
opt_arr,-4.355144
opt_arr,-4.465926
opt_arr,-0.841243

f5
opt_arr,3.736229
opt_arr,2.669607
opt_arr,-4.183020
opt_arr,-2.303995
opt_arr,-0.406354
opt_arr,1.802271
opt_arr,4.963683
opt_arr,0.644704
opt_arr,-0.475021
opt_arr,-4.150365

f6
opt_arr,0.767388
opt_arr,0.975219
opt_arr,0.562914
opt_arr,0.887326
opt_arr,-1.514481
opt_arr,-2.528611
opt_arr,-2.313150
opt_arr,2.977538
opt_arr,1.928312
opt_arr,-2.287210

f7
opt_arr,-3.866237
opt_arr,-2.513047
opt_arr,-3.244575
opt_arr,4.430525
opt_arr,3.573260
opt_arr,-1.182745
opt_arr,2.544176
opt_arr,-4.440291
opt_arr,1.205023
opt_arr,3.352000

f8
opt_arr,-4.814142
opt_arr,3.292184
opt_arr,-2.150487
opt_arr,3.443861
opt_arr,-3.818018
opt_arr,2.446821
opt_arr,-3.914457
opt_arr,-4.752190
opt_arr,0.392010
opt_arr,3.469802

f9
opt_arr,4.503159
opt_arr,-1.784570
opt_arr,-1.196478
opt_arr,0.373394
opt_arr,-4.870296
opt_arr,-0.941038
opt_arr,-2.114475
opt_arr,-1.067080
opt_arr,0.099643
opt_arr,-1.995758

f10
opt_arr,0.000000
opt_arr,0.000000
opt_arr,0.000000
opt_arr,0.000000
opt_arr,0.000000
opt_arr,0.000000
opt_arr,0.000000
opt_arr,0.000000
opt_arr,0.000000
opt_arr,0.000000


D*D rotate orthodox matrix:
0.306487,-0.225777,0.044727,0.673921,0.088802,-0.400750,0.383936,-0.117787,0.241785,-0.103410,
0.071199,0.973431,-0.010777,0.163056,-0.001241,-0.080533,0.100427,-0.038421,0.049322,-0.013346,
-0.013546,-0.000015,0.840593,0.076680,-0.362208,0.223531,0.167100,-0.175941,-0.122836,0.179479,
-0.312833,-0.000347,-0.004902,0.697071,0.086817,0.307106,-0.483055,0.209948,-0.191244,0.018919,
-0.002288,-0.000003,-0.000036,0.000011,0.736511,0.359448,0.315923,-0.312849,-0.196036,0.303696,
0.333798,0.000370,0.005231,-0.001606,0.005405,0.675894,0.095833,0.188917,0.459711,-0.418902,
-0.495541,-0.000549,-0.007766,0.002384,-0.008024,0.004609,0.624667,0.550688,-0.167899,-0.180640,
0.506845,0.000562,0.007943,-0.002439,0.008207,-0.004714,-0.004216,0.627179,-0.084972,0.585114,
-0.433852,-0.000481,-0.006799,0.002087,-0.007025,0.004035,0.003609,-0.003552,0.756191,0.489699,
0.029023,-0.038158,-0.539505,0.165641,-0.557424,0.320217,0.286378,-0.281832,-0.174484,0.272127,
>>>TEST RECORD OVER<<<
>>>TEST RECORD START<<<

fmax:
fmax,100000.000000
fmax,100000.000000
fmax,100000.000000
fmax,100000.000000
fmax,100000.000000
fmax,100000.000000
fmax,100000.000000
fmax,100000.000000
fmax,100000.000000
fmax,100000.000000

opt_arr:
f1
opt_arr,-1.453139
opt_arr,0.273904
opt_arr,4.978637
opt_arr,0.032807
opt_arr,-4.104587
opt_arr,4.637745
opt_arr,-3.805811
opt_arr,2.858211
opt_arr,-0.184790
opt_arr,0.243080

f2
opt_arr,3.632466
opt_arr,-1.262703
opt_arr,4.728996
opt_arr,-3.537553
opt_arr,-3.748131
opt_arr,4.564806
opt_arr,3.629719
opt_arr,-1.712546
opt_arr,2.169103
opt_arr,1.720481

f3
opt_arr,0.194861
opt_arr,-3.767357
opt_arr,0.194861
opt_arr,-2.298502
opt_arr,-4.859310
opt_arr,3.525956
opt_arr,-0.480209
opt_arr,3.321787
opt_arr,-4.122898
opt_arr,3.392895

f4
opt_arr,-0.896481
opt_arr,0.786615
opt_arr,3.524125
opt_arr,4.254128
opt_arr,3.337352
opt_arr,2.964721
opt_arr,-3.643757
opt_arr,-4.355144
opt_arr,-4.465926
opt_arr,-0.841243

f5
opt_arr,3.736229
opt_arr,2.669607
opt_arr,-4.183020
opt_arr,-2.303995
opt_arr,-0.406354
opt_arr,1.802271
opt_arr,4.963683
opt_arr,0.644704
opt_arr,-0.475021
opt_arr,-4.150365

f6
opt_arr,0.767388
opt_arr,0.975219
opt_arr,0.562914
opt_arr,0.887326
opt_arr,-1.514481
opt_arr,-2.528611
opt_arr,-2.313150
opt_arr,2.977538
opt_arr,1.928312
opt_arr,-2.287210

f7
opt_arr,-3.866237
opt_arr,-2.513047
opt_arr,-3.244575
opt_arr,4.430525
opt_arr,3.573260
opt_arr,-1.182745
opt_arr,2.544176
opt_arr,-4.440291
opt_arr,1.205023
opt_arr,3.352000

f8
opt_arr,-4.814142
opt_arr,3.292184
opt_arr,-2.150487
opt_arr,3.443861
opt_arr,-3.818018
opt_arr,2.446821
opt_arr,-3.914457
opt_arr,-4.752190
opt_arr,0.392010
opt_arr,3.469802

f9
opt_arr,4.503159
opt_arr,-1.784570
opt_arr,-1.196478
opt_arr,0.373394
opt_arr,-4.870296
opt_arr,-0.941038
opt_arr,-2.114475
opt_arr,-1.067080
opt_arr,0.099643
opt_arr,-1.995758

f10
opt_arr,0.000000
opt_arr,0.000000
opt_arr,0.000000
opt_arr,0.000000
opt_arr,0.000000
opt_arr,0.000000
opt_arr,0.000000
opt_arr,0.000000
opt_arr,0.000000
opt_arr,0.000000


D*D rotate orthodox matrix:
0.306487,-0.225777,0.044727,0.673921,0.088802,-0.400750,0.383936,-0.117787,0.241785,-0.103410,
0.071199,0.973431,-0.010777,0.163056,-0.001241,-0.080533,0.100427,-0.038421,0.049322,-0.013346,
-0.013546,-0.000015,0.840593,0.076680,-0.362208,0.223531,0.167100,-0.175941,-0.122836,0.179479,
-0.312833,-0.000347,-0.004902,0.697071,0.086817,0.307106,-0.483055,0.209948,-0.191244,0.018919,
-0.002288,-0.000003,-0.000036,0.000011,0.736511,0.359448,0.315923,-0.312849,-0.196036,0.303696,
0.333798,0.000370,0.005231,-0.001606,0.005405,0.675894,0.095833,0.188917,0.459711,-0.418902,
-0.495541,-0.000549,-0.007766,0.002384,-0.008024,0.004609,0.624667,0.550688,-0.167899,-0.180640,
0.506845,0.000562,0.007943,-0.002439,0.008207,-0.004714,-0.004216,0.627179,-0.084972,0.585114,
-0.433852,-0.000481,-0.006799,0.002087,-0.007025,0.004035,0.003609,-0.003552,0.756191,0.489699,
0.029023,-0.038158,-0.539505,0.165641,-0.557424,0.320217,0.286378,-0.281832,-0.174484,0.272127,
>>>TEST RECORD OVER<<<
