>>>TEST RECORD START<<<

fmax:
fmax,21.839145
fmax,21.839145
fmax,311.312086
fmax,311.312086
fmax,23.894142
fmax,23.894142
fmax,26.005616
fmax,26.005616
fmax,100000.000000
fmax,100000.000000

opt_arr:
f1
opt_arr,4.533372
opt_arr,-4.363689
opt_arr,-0.245827
opt_arr,-4.359111
opt_arr,-3.308664
opt_arr,2.108676
opt_arr,1.046632
opt_arr,0.984375
opt_arr,-1.042970
opt_arr,2.554857

f2
opt_arr,1.591693
opt_arr,2.858821
opt_arr,-4.674673
opt_arr,-0.084689
opt_arr,2.788018
opt_arr,1.407971
opt_arr,-2.655873
opt_arr,-1.384167
opt_arr,-0.843684
opt_arr,4.677725

f3
opt_arr,1.056093
opt_arr,4.984436
opt_arr,3.339183
opt_arr,4.862056
opt_arr,4.512009
opt_arr,-4.032563
opt_arr,-3.800317
opt_arr,-0.742363
opt_arr,1.159551
opt_arr,0.211646

f4
opt_arr,-0.167089
opt_arr,2.486190
opt_arr,-0.575121
opt_arr,0.568102
opt_arr,-3.706320
opt_arr,1.548051
opt_arr,3.798181
opt_arr,2.087924
opt_arr,-0.132298
opt_arr,0.274209

f5
opt_arr,-2.266457
opt_arr,4.567553
opt_arr,-4.317911
opt_arr,4.730827
opt_arr,3.682821
opt_arr,3.706320
opt_arr,2.483749
opt_arr,-3.854640
opt_arr,0.563524
opt_arr,-0.058443

f6
opt_arr,2.383038
opt_arr,2.916807
opt_arr,3.988006
opt_arr,-0.978881
opt_arr,-4.611194
opt_arr,-1.735130
opt_arr,-0.446638
opt_arr,3.375195
opt_arr,1.538285
opt_arr,-4.908139

f7
opt_arr,4.514756
opt_arr,-1.645405
opt_arr,-1.563921
opt_arr,4.612110
opt_arr,-1.854762
opt_arr,2.392804
opt_arr,-2.981811
opt_arr,0.311136
opt_arr,-3.894620
opt_arr,-4.844661

f8
opt_arr,3.349864
opt_arr,3.803674
opt_arr,-0.876339
opt_arr,2.743767
opt_arr,-0.728935
opt_arr,4.144566
opt_arr,1.309091
opt_arr,4.006623
opt_arr,-0.297708
opt_arr,-2.838069

f9
opt_arr,-1.596271
opt_arr,-2.966247
opt_arr,-0.575732
opt_arr,-3.628193
opt_arr,1.292001
opt_arr,-0.117649
opt_arr,-2.860042
opt_arr,2.036348
opt_arr,-4.929197
opt_arr,4.608448

f10
opt_arr,0.000000
opt_arr,0.000000
opt_arr,0.000000
opt_arr,0.000000
opt_arr,0.000000
opt_arr,0.000000
opt_arr,0.000000
opt_arr,0.000000
opt_arr,0.000000
opt_arr,0.000000


D*D rotate orthodox matrix:
0.358030,0.624629,-0.513964,-0.053355,-0.235646,-0.221368,-0.009000,-0.010997,0.184074,0.275734,
-0.309047,0.676890,0.315968,-0.170999,0.505213,0.195530,-0.134006,-0.056923,-0.039203,0.032045,
0.386748,0.024974,0.764628,-0.080411,-0.222877,-0.238657,-0.024599,-0.018848,0.211399,0.326189,
0.023603,0.001524,0.000889,0.901694,0.270448,-0.010379,-0.134935,-0.063659,0.125548,0.274074,
0.499225,0.032238,0.018797,0.031955,0.530549,-0.321638,0.400861,0.178333,-0.092340,-0.402999,
0.451654,0.029166,0.017006,0.028910,-0.040198,0.867287,0.170048,0.071107,0.079068,0.002301,
-0.312749,-0.020196,-0.011776,-0.020019,0.027835,0.000410,0.843324,-0.146025,0.119668,0.391953,
-0.159547,-0.010303,-0.006007,-0.010212,0.014200,0.000209,-0.006671,0.959362,0.070273,0.220766,
-0.151948,-0.009812,-0.005721,-0.009726,0.013524,0.000199,-0.006353,-0.002976,0.908689,-0.388252,
0.163097,-0.385400,-0.224717,-0.382019,0.531184,0.007828,-0.249525,-0.116893,0.210653,0.475301,
>>>TEST RECORD OVER<<<
>>>TEST RECORD START<<<

fmax:
fmax,21.893648
fmax,21.893648
fmax,319.749609
fmax,319.749609
fmax,18.955733
fmax,18.955733
fmax,25.882423
fmax,25.882423
fmax,100000.000000
fmax,100000.000000

opt_arr:
f1
opt_arr,4.637745
opt_arr,0.052339
opt_arr,2.184057
opt_arr,-3.287301
opt_arr,-2.794122
opt_arr,-2.065645
opt_arr,0.780206
opt_arr,-2.815790
opt_arr,-1.954558
opt_arr,-4.450667

f2
opt_arr,-3.148137
opt_arr,4.270302
opt_arr,4.731742
opt_arr,0.116733
opt_arr,3.901639
opt_arr,-3.019959
opt_arr,-3.314768
opt_arr,-0.976440
opt_arr,-2.181005
opt_arr,-1.510819

f3
opt_arr,-3.151799
opt_arr,1.047243
opt_arr,4.466231
opt_arr,-0.366070
opt_arr,2.441633
opt_arr,0.329142
opt_arr,-1.000549
opt_arr,-2.804498
opt_arr,1.368603
opt_arr,3.419752

f4
opt_arr,-4.006623
opt_arr,-0.219581
opt_arr,-4.176916
opt_arr,4.697256
opt_arr,4.427168
opt_arr,-0.890683
opt_arr,-0.328837
opt_arr,0.481124
opt_arr,-3.404798
opt_arr,-0.468612

f5
opt_arr,1.159246
opt_arr,-2.850581
opt_arr,-4.989013
opt_arr,3.572039
opt_arr,-2.478866
opt_arr,3.570208
opt_arr,-3.643757
opt_arr,-3.672750
opt_arr,3.042238
opt_arr,3.164006

f6
opt_arr,-3.454543
opt_arr,-3.477432
opt_arr,-2.860652
opt_arr,-4.093295
opt_arr,-4.031953
opt_arr,-2.961669
opt_arr,4.026460
opt_arr,-4.412214
opt_arr,-1.034120
opt_arr,2.725455

f7
opt_arr,0.522935
opt_arr,2.631458
opt_arr,-3.387707
opt_arr,-1.684164
opt_arr,3.570818
opt_arr,-2.198706
opt_arr,-3.142949
opt_arr,4.244972
opt_arr,4.016999
opt_arr,-2.907041

f8
opt_arr,1.092715
opt_arr,3.194830
opt_arr,-1.765343
opt_arr,3.132572
opt_arr,1.212043
opt_arr,-4.826350
opt_arr,4.132969
opt_arr,3.389843
opt_arr,-3.783227
opt_arr,3.944365

f9
opt_arr,3.125248
opt_arr,0.521104
opt_arr,2.438276
opt_arr,2.608875
opt_arr,4.620045
opt_arr,-4.844356
opt_arr,-3.567461
opt_arr,1.169927
opt_arr,4.589221
opt_arr,-3.568072

f10
opt_arr,0.000000
opt_arr,0.000000
opt_arr,0.000000
opt_arr,0.000000
opt_arr,0.000000
opt_arr,0.000000
opt_arr,0.000000
opt_arr,0.000000
opt_arr,0.000000
opt_arr,0.000000


D*D rotate orthodox matrix:
0.448279,0.418111,-0.249563,0.492348,-0.108807,-0.252391,0.085254,-0.138401,-0.397091,-0.244736,
-0.399960,0.652740,-0.186652,0.032590,0.499476,0.233214,0.175736,-0.040081,0.195824,-0.057970,
-0.004939,0.001008,0.880741,0.292176,0.254985,0.007844,0.157867,-0.101633,-0.095566,-0.171579,
-0.214599,0.043785,0.024716,0.709197,-0.298136,0.113837,-0.259966,0.208612,0.328013,0.357659,
0.362204,-0.073901,-0.041716,0.048091,0.681281,-0.219742,-0.427114,0.210364,-0.008699,0.346567,
0.344386,-0.070265,-0.039664,0.045725,0.038993,0.905846,-0.095966,-0.001443,-0.203449,-0.010828,
0.272594,-0.055618,-0.031395,0.036193,0.030865,0.000616,0.794632,0.271162,0.102777,0.451463,
-0.105317,0.021488,0.012130,-0.013983,-0.011925,-0.000238,-0.007462,0.887754,-0.175445,-0.411118,
0.408007,-0.083246,-0.046991,0.054172,0.046197,0.000922,0.028908,-0.018778,0.765808,-0.481323,
0.302221,0.613443,0.346278,-0.399199,-0.340425,-0.006791,-0.213022,0.138374,0.134060,0.233771,
>>>TEST RECORD OVER<<<
>>>TEST RECORD START<<<

fmax:
fmax,21.486636
fmax,21.486636
fmax,348.250574
fmax,348.250574
fmax,20.153762
fmax,20.153762
fmax,26.021326
fmax,26.021326
fmax,100000.000000
fmax,100000.000000

opt_arr:
f1
opt_arr,-1.458022
opt_arr,3.873257
opt_arr,-2.280190
opt_arr,3.315378
opt_arr,0.156713
opt_arr,-1.354259
opt_arr,1.445204
opt_arr,-2.675100
opt_arr,4.620655
opt_arr,-0.375530

f2
opt_arr,3.857997
opt_arr,-1.330149
opt_arr,0.947752
opt_arr,1.214789
opt_arr,2.389447
opt_arr,-1.891385
opt_arr,2.708670
opt_arr,0.172582
opt_arr,-0.624256
opt_arr,-4.175695

f3
opt_arr,2.776421
opt_arr,2.610706
opt_arr,-2.715995
opt_arr,-3.001953
opt_arr,2.858516
opt_arr,-3.348643
opt_arr,-2.994629
opt_arr,-1.818445
opt_arr,0.629139
opt_arr,2.287515

f4
opt_arr,4.524827
opt_arr,-1.465651
opt_arr,2.266762
opt_arr,-4.990539
opt_arr,-3.716697
opt_arr,4.985656
opt_arr,3.219550
opt_arr,4.769280
opt_arr,-1.452834
opt_arr,-4.615467

f5
opt_arr,-4.998779
opt_arr,-3.167669
opt_arr,1.087222
opt_arr,-1.296579
opt_arr,0.839412
opt_arr,-3.905911
opt_arr,0.493332
opt_arr,-3.649556
opt_arr,-2.021699
opt_arr,1.410718

f6
opt_arr,3.426466
opt_arr,3.660848
opt_arr,-0.539415
opt_arr,1.512040
opt_arr,-4.875484
opt_arr,-4.374981
opt_arr,3.188116
opt_arr,-0.937681
opt_arr,3.479568
opt_arr,-4.079562

f7
opt_arr,1.086001
opt_arr,4.426557
opt_arr,3.985260
opt_arr,3.301950
opt_arr,-3.828089
opt_arr,-4.297464
opt_arr,-4.114963
opt_arr,4.420148
opt_arr,0.352031
opt_arr,-3.407239

f8
opt_arr,4.817499
opt_arr,-2.869503
opt_arr,0.749077
opt_arr,-1.336863
opt_arr,2.280190
opt_arr,3.350475
opt_arr,-2.620167
opt_arr,-0.437178
opt_arr,-2.775506
opt_arr,-4.472640

f9
opt_arr,-0.007477
opt_arr,3.763695
opt_arr,0.088656
opt_arr,-4.209571
opt_arr,-3.124027
opt_arr,-2.620777
opt_arr,4.586169
opt_arr,1.831263
opt_arr,3.456069
opt_arr,3.631855

f10
opt_arr,0.000000
opt_arr,0.000000
opt_arr,0.000000
opt_arr,0.000000
opt_arr,0.000000
opt_arr,0.000000
opt_arr,0.000000
opt_arr,0.000000
opt_arr,0.000000
opt_arr,0.000000


D*D rotate orthodox matrix:
0.422096,-0.204551,0.236911,-0.142258,0.267448,-0.122271,-0.390405,0.317166,-0.455957,0.395277,
0.098397,0.977342,0.089708,-0.043483,0.069566,-0.019374,-0.073685,0.061064,-0.088937,0.053850,
-0.301896,-0.015794,0.826768,0.247363,-0.293149,-0.041360,0.034780,-0.045223,0.081255,0.257625,
0.197712,0.010343,-0.099761,0.946031,0.180420,0.012465,-0.050526,0.050234,-0.081009,-0.107383,
-0.323499,-0.016924,0.163231,-0.048857,0.892014,0.006792,0.134265,-0.120526,0.184228,0.061657,
-0.016008,-0.000837,0.008077,-0.002418,0.001691,0.983690,-0.060613,0.044007,-0.058253,0.151718,
0.140477,0.007349,-0.070882,0.021216,-0.014841,-0.018767,0.873798,0.176795,-0.247789,0.343492,
-0.153697,-0.008041,0.077552,-0.023212,0.016238,0.020534,0.038967,0.902705,0.240394,-0.308042,
0.305128,0.015963,-0.153962,0.046082,-0.032236,-0.040764,-0.077360,0.057478,0.754114,0.547847,
-0.663742,0.044095,-0.425294,0.127295,-0.089046,-0.112605,-0.213694,0.158773,-0.214053,0.472357,
>>>TEST RECORD OVER<<<
>>>TEST RECORD START<<<

fmax:
fmax,21.486636
fmax,21.486636
fmax,348.250574
fmax,348.250574
fmax,20.153762
fmax,20.153762
fmax,26.021326
fmax,26.021326
fmax,100000.000000
fmax,100000.000000

opt_arr:
f1
opt_arr,-1.458022
opt_arr,3.873257
opt_arr,-2.280190
opt_arr,3.315378
opt_arr,0.156713
opt_arr,-1.354259
opt_arr,1.445204
opt_arr,-2.675100
opt_arr,4.620655
opt_arr,-0.375530

f2
opt_arr,3.857997
opt_arr,-1.330149
opt_arr,0.947752
opt_arr,1.214789
opt_arr,2.389447
opt_arr,-1.891385
opt_arr,2.708670
opt_arr,0.172582
opt_arr,-0.624256
opt_arr,-4.175695

f3
opt_arr,2.776421
opt_arr,2.610706
opt_arr,-2.715995
opt_arr,-3.001953
opt_arr,2.858516
opt_arr,-3.348643
opt_arr,-2.994629
opt_arr,-1.818445
opt_arr,0.629139
opt_arr,2.287515

f4
opt_arr,4.524827
opt_arr,-1.465651
opt_arr,2.266762
opt_arr,-4.990539
opt_arr,-3.716697
opt_arr,4.985656
opt_arr,3.219550
opt_arr,4.769280
opt_arr,-1.452834
opt_arr,-4.615467

f5
opt_arr,-4.998779
opt_arr,-3.167669
opt_arr,1.087222
opt_arr,-1.296579
opt_arr,0.839412
opt_arr,-3.905911
opt_arr,0.493332
opt_arr,-3.649556
opt_arr,-2.021699
opt_arr,1.410718

f6
opt_arr,3.426466
opt_arr,3.660848
opt_arr,-0.539415
opt_arr,1.512040
opt_arr,-4.875484
opt_arr,-4.374981
opt_arr,3.188116
opt_arr,-0.937681
opt_arr,3.479568
opt_arr,-4.079562

f7
opt_arr,1.086001
opt_arr,4.426557
opt_arr,3.985260
opt_arr,3.301950
opt_arr,-3.828089
opt_arr,-4.297464
opt_arr,-4.114963
opt_arr,4.420148
opt_arr,0.352031
opt_arr,-3.407239

f8
opt_arr,4.817499
opt_arr,-2.869503
opt_arr,0.749077
opt_arr,-1.336863
opt_arr,2.280190
opt_arr,3.350475
opt_arr,-2.620167
opt_arr,-0.437178
opt_arr,-2.775506
opt_arr,-4.472640

f9
opt_arr,-0.007477
opt_arr,3.763695
opt_arr,0.088656
opt_arr,-4.209571
opt_arr,-3.124027
opt_arr,-2.620777
opt_arr,4.586169
opt_arr,1.831263
opt_arr,3.456069
opt_arr,3.631855

f10
opt_arr,0.000000
opt_arr,0.000000
opt_arr,0.000000
opt_arr,0.000000
opt_arr,0.000000
opt_arr,0.000000
opt_arr,0.000000
opt_arr,0.000000
opt_arr,0.000000
opt_arr,0.000000


D*D rotate orthodox matrix:
0.422096,-0.204551,0.236911,-0.142258,0.267448,-0.122271,-0.390405,0.317166,-0.455957,0.395277,
0.098397,0.977342,0.089708,-0.043483,0.069566,-0.019374,-0.073685,0.061064,-0.088937,0.053850,
-0.301896,-0.015794,0.826768,0.247363,-0.293149,-0.041360,0.034780,-0.045223,0.081255,0.257625,
0.197712,0.010343,-0.099761,0.946031,0.180420,0.012465,-0.050526,0.050234,-0.081009,-0.107383,
-0.323499,-0.016924,0.163231,-0.048857,0.892014,0.006792,0.134265,-0.120526,0.184228,0.061657,
-0.016008,-0.000837,0.008077,-0.002418,0.001691,0.983690,-0.060613,0.044007,-0.058253,0.151718,
0.140477,0.007349,-0.070882,0.021216,-0.014841,-0.018767,0.873798,0.176795,-0.247789,0.343492,
-0.153697,-0.008041,0.077552,-0.023212,0.016238,0.020534,0.038967,0.902705,0.240394,-0.308042,
0.305128,0.015963,-0.153962,0.046082,-0.032236,-0.040764,-0.077360,0.057478,0.754114,0.547847,
-0.663742,0.044095,-0.425294,0.127295,-0.089046,-0.112605,-0.213694,0.158773,-0.214053,0.472357,
>>>TEST RECORD OVER<<<
>>>TEST RECORD START<<<

fmax:
fmax,21.486636
fmax,21.486636
fmax,348.250574
fmax,348.250574
fmax,20.153762
fmax,20.153762
fmax,26.021326
fmax,26.021326
fmax,100000.000000
fmax,100000.000000

opt_arr:
f1
opt_arr,-1.458022
opt_arr,3.873257
opt_arr,-2.280190
opt_arr,3.315378
opt_arr,0.156713
opt_arr,-1.354259
opt_arr,1.445204
opt_arr,-2.675100
opt_arr,4.620655
opt_arr,-0.375530

f2
opt_arr,3.857997
opt_arr,-1.330149
opt_arr,0.947752
opt_arr,1.214789
opt_arr,2.389447
opt_arr,-1.891385
opt_arr,2.708670
opt_arr,0.172582
opt_arr,-0.624256
opt_arr,-4.175695

f3
opt_arr,2.776421
opt_arr,2.610706
opt_arr,-2.715995
opt_arr,-3.001953
opt_arr,2.858516
opt_arr,-3.348643
opt_arr,-2.994629
opt_arr,-1.818445
opt_arr,0.629139
opt_arr,2.287515

f4
opt_arr,4.524827
opt_arr,-1.465651
opt_arr,2.266762
opt_arr,-4.990539
opt_arr,-3.716697
opt_arr,4.985656
opt_arr,3.219550
opt_arr,4.769280
opt_arr,-1.452834
opt_arr,-4.615467

f5
opt_arr,-4.998779
opt_arr,-3.167669
opt_arr,1.087222
opt_arr,-1.296579
opt_arr,0.839412
opt_arr,-3.905911
opt_arr,0.493332
opt_arr,-3.649556
opt_arr,-2.021699
opt_arr,1.410718

f6
opt_arr,3.426466
opt_arr,3.660848
opt_arr,-0.539415
opt_arr,1.512040
opt_arr,-4.875484
opt_arr,-4.374981
opt_arr,3.188116
opt_arr,-0.937681
opt_arr,3.479568
opt_arr,-4.079562

f7
opt_arr,1.086001
opt_arr,4.426557
opt_arr,3.985260
opt_arr,3.301950
opt_arr,-3.828089
opt_arr,-4.297464
opt_arr,-4.114963
opt_arr,4.420148
opt_arr,0.352031
opt_arr,-3.407239

f8
opt_arr,4.817499
opt_arr,-2.869503
opt_arr,0.749077
opt_arr,-1.336863
opt_arr,2.280190
opt_arr,3.350475
opt_arr,-2.620167
opt_arr,-0.437178
opt_arr,-2.775506
opt_arr,-4.472640

f9
opt_arr,-0.007477
opt_arr,3.763695
opt_arr,0.088656
opt_arr,-4.209571
opt_arr,-3.124027
opt_arr,-2.620777
opt_arr,4.586169
opt_arr,1.831263
opt_arr,3.456069
opt_arr,3.631855

f10
opt_arr,0.000000
opt_arr,0.000000
opt_arr,0.000000
opt_arr,0.000000
opt_arr,0.000000
opt_arr,0.000000
opt_arr,0.000000
opt_arr,0.000000
opt_arr,0.000000
opt_arr,0.000000


D*D rotate orthodox matrix:
0.422096,-0.204551,0.236911,-0.142258,0.267448,-0.122271,-0.390405,0.317166,-0.455957,0.395277,
0.098397,0.977342,0.089708,-0.043483,0.069566,-0.019374,-0.073685,0.061064,-0.088937,0.053850,
-0.301896,-0.015794,0.826768,0.247363,-0.293149,-0.041360,0.034780,-0.045223,0.081255,0.257625,
0.197712,0.010343,-0.099761,0.946031,0.180420,0.012465,-0.050526,0.050234,-0.081009,-0.107383,
-0.323499,-0.016924,0.163231,-0.048857,0.892014,0.006792,0.134265,-0.120526,0.184228,0.061657,
-0.016008,-0.000837,0.008077,-0.002418,0.001691,0.983690,-0.060613,0.044007,-0.058253,0.151718,
0.140477,0.007349,-0.070882,0.021216,-0.014841,-0.018767,0.873798,0.176795,-0.247789,0.343492,
-0.153697,-0.008041,0.077552,-0.023212,0.016238,0.020534,0.038967,0.902705,0.240394,-0.308042,
0.305128,0.015963,-0.153962,0.046082,-0.032236,-0.040764,-0.077360,0.057478,0.754114,0.547847,
-0.663742,0.044095,-0.425294,0.127295,-0.089046,-0.112605,-0.213694,0.158773,-0.214053,0.472357,
>>>TEST RECORD OVER<<<
>>>TEST RECORD START<<<

fmax:
fmax,21.486636
fmax,21.486636
fmax,348.250574
fmax,348.250574
fmax,20.153762
fmax,20.153762
fmax,26.021326
fmax,26.021326
fmax,100000.000000
fmax,100000.000000

opt_arr:
f1
opt_arr,-1.458022
opt_arr,3.873257
opt_arr,-2.280190
opt_arr,3.315378
opt_arr,0.156713
opt_arr,-1.354259
opt_arr,1.445204
opt_arr,-2.675100
opt_arr,4.620655
opt_arr,-0.375530

f2
opt_arr,3.857997
opt_arr,-1.330149
opt_arr,0.947752
opt_arr,1.214789
opt_arr,2.389447
opt_arr,-1.891385
opt_arr,2.708670
opt_arr,0.172582
opt_arr,-0.624256
opt_arr,-4.175695

f3
opt_arr,2.776421
opt_arr,2.610706
opt_arr,-2.715995
opt_arr,-3.001953
opt_arr,2.858516
opt_arr,-3.348643
opt_arr,-2.994629
opt_arr,-1.818445
opt_arr,0.629139
opt_arr,2.287515

f4
opt_arr,4.524827
opt_arr,-1.465651
opt_arr,2.266762
opt_arr,-4.990539
opt_arr,-3.716697
opt_arr,4.985656
opt_arr,3.219550
opt_arr,4.769280
opt_arr,-1.452834
opt_arr,-4.615467

f5
opt_arr,-4.998779
opt_arr,-3.167669
opt_arr,1.087222
opt_arr,-1.296579
opt_arr,0.839412
opt_arr,-3.905911
opt_arr,0.493332
opt_arr,-3.649556
opt_arr,-2.021699
opt_arr,1.410718

f6
opt_arr,3.426466
opt_arr,3.660848
opt_arr,-0.539415
opt_arr,1.512040
opt_arr,-4.875484
opt_arr,-4.374981
opt_arr,3.188116
opt_arr,-0.937681
opt_arr,3.479568
opt_arr,-4.079562

f7
opt_arr,1.086001
opt_arr,4.426557
opt_arr,3.985260
opt_arr,3.301950
opt_arr,-3.828089
opt_arr,-4.297464
opt_arr,-4.114963
opt_arr,4.420148
opt_arr,0.352031
opt_arr,-3.407239

f8
opt_arr,4.817499
opt_arr,-2.869503
opt_arr,0.749077
opt_arr,-1.336863
opt_arr,2.280190
opt_arr,3.350475
opt_arr,-2.620167
opt_arr,-0.437178
opt_arr,-2.775506
opt_arr,-4.472640

f9
opt_arr,-0.007477
opt_arr,3.763695
opt_arr,0.088656
opt_arr,-4.209571
opt_arr,-3.124027
opt_arr,-2.620777
opt_arr,4.586169
opt_arr,1.831263
opt_arr,3.456069
opt_arr,3.631855

f10
opt_arr,0.000000
opt_arr,0.000000
opt_arr,0.000000
opt_arr,0.000000
opt_arr,0.000000
opt_arr,0.000000
opt_arr,0.000000
opt_arr,0.000000
opt_arr,0.000000
opt_arr,0.000000


D*D rotate orthodox matrix:
0.422096,-0.204551,0.236911,-0.142258,0.267448,-0.122271,-0.390405,0.317166,-0.455957,0.395277,
0.098397,0.977342,0.089708,-0.043483,0.069566,-0.019374,-0.073685,0.061064,-0.088937,0.053850,
-0.301896,-0.015794,0.826768,0.247363,-0.293149,-0.041360,0.034780,-0.045223,0.081255,0.257625,
0.197712,0.010343,-0.099761,0.946031,0.180420,0.012465,-0.050526,0.050234,-0.081009,-0.107383,
-0.323499,-0.016924,0.163231,-0.048857,0.892014,0.006792,0.134265,-0.120526,0.184228,0.061657,
-0.016008,-0.000837,0.008077,-0.002418,0.001691,0.983690,-0.060613,0.044007,-0.058253,0.151718,
0.140477,0.007349,-0.070882,0.021216,-0.014841,-0.018767,0.873798,0.176795,-0.247789,0.343492,
-0.153697,-0.008041,0.077552,-0.023212,0.016238,0.020534,0.038967,0.902705,0.240394,-0.308042,
0.305128,0.015963,-0.153962,0.046082,-0.032236,-0.040764,-0.077360,0.057478,0.754114,0.547847,
-0.663742,0.044095,-0.425294,0.127295,-0.089046,-0.112605,-0.213694,0.158773,-0.214053,0.472357,
>>>TEST RECORD OVER<<<
