>>>TEST RECORD START<<<

fmax:
fmax,6365.142709
fmax,6365.142709
fmax,16.831706
fmax,16.831706
fmax,26.000004
fmax,26.000004
fmax,21.892290
fmax,21.892290
fmax,100000.000000
fmax,100000.000000

opt_arr:
f1
opt_arr,4.312723
opt_arr,3.780786
opt_arr,-2.591479
opt_arr,-2.195349
opt_arr,-4.356365
opt_arr,1.447035
opt_arr,1.872463
opt_arr,4.703665
opt_arr,-3.949553
opt_arr,0.998108

f2
opt_arr,-1.341746
opt_arr,4.765007
opt_arr,4.394208
opt_arr,1.031373
opt_arr,1.433607
opt_arr,3.614154
opt_arr,-1.081729
opt_arr,-3.551897
opt_arr,1.593219
opt_arr,3.770714

f3
opt_arr,-3.045900
opt_arr,-4.406720
opt_arr,-1.909696
opt_arr,1.405835
opt_arr,-4.108860
opt_arr,3.587603
opt_arr,-1.306040
opt_arr,-1.176031
opt_arr,-3.015992
opt_arr,-2.838374

f4
opt_arr,-3.268380
opt_arr,0.481124
opt_arr,-1.450392
opt_arr,1.309091
opt_arr,2.385174
opt_arr,-4.652089
opt_arr,0.126499
opt_arr,3.065126
opt_arr,2.599414
opt_arr,3.435621

f5
opt_arr,4.148839
opt_arr,2.730033
opt_arr,-1.334422
opt_arr,-0.709403
opt_arr,-3.295846
opt_arr,-2.155675
opt_arr,-4.454329
opt_arr,0.281228
opt_arr,3.938566
opt_arr,0.231483

f6
opt_arr,1.993622
opt_arr,2.473983
opt_arr,-4.337138
opt_arr,1.418348
opt_arr,-4.457991
opt_arr,1.925871
opt_arr,2.735221
opt_arr,-3.251900
opt_arr,1.416822
opt_arr,4.197363

f7
opt_arr,-0.230873
opt_arr,3.496963
opt_arr,-0.564745
opt_arr,-0.101169
opt_arr,-0.258644
opt_arr,3.306223
opt_arr,-2.041536
opt_arr,-0.911435
opt_arr,2.053743
opt_arr,4.245277

f8
opt_arr,-1.043580
opt_arr,2.326884
opt_arr,0.615406
opt_arr,2.813349
opt_arr,3.247932
opt_arr,1.205329
opt_arr,3.507645
opt_arr,1.197394
opt_arr,-0.021210
opt_arr,-3.839076

f9
opt_arr,0.791803
opt_arr,0.096591
opt_arr,-0.596789
opt_arr,4.387188
opt_arr,2.027192
opt_arr,2.422102
opt_arr,3.024842
opt_arr,-4.345988
opt_arr,0.053255
opt_arr,-1.806848

f10
opt_arr,0.000000
opt_arr,0.000000
opt_arr,0.000000
opt_arr,0.000000
opt_arr,0.000000
opt_arr,0.000000
opt_arr,0.000000
opt_arr,0.000000
opt_arr,0.000000
opt_arr,0.000000


D*D rotate orthodox matrix:
0.242533,0.646171,0.411035,-0.076483,0.032204,-0.291087,0.185669,0.304131,0.225405,-0.292056,
-0.195102,0.747856,-0.288729,-0.071829,-0.117328,0.216303,-0.173757,-0.301923,-0.166139,0.323447,
-0.210166,-0.023447,0.841464,0.181622,0.051170,0.267688,-0.139787,-0.214009,-0.208459,0.176527,
0.161930,0.018065,-0.023908,0.748897,-0.448968,-0.286249,-0.001592,-0.091657,0.228639,0.260470,
0.146910,0.016390,-0.021690,0.068996,0.772998,-0.298310,-0.054195,-0.206975,0.240264,0.427669,
0.354528,0.039552,-0.052344,0.166504,0.114147,0.787015,0.141406,0.139429,0.410401,0.044662,
-0.129722,-0.014472,0.019153,-0.060924,-0.041767,-0.008159,0.938533,-0.198221,-0.111135,0.211154,
-0.174372,-0.019454,0.025745,-0.081894,-0.056143,-0.010967,-0.014983,0.771758,-0.096074,0.594567,
-0.547943,-0.061130,0.080900,-0.257341,-0.176421,-0.034462,-0.047082,-0.110514,0.757901,0.045788,
0.581356,-0.127044,0.168131,-0.534819,-0.366647,-0.071621,-0.097848,-0.229676,0.060900,0.354953,
>>>TEST RECORD OVER<<<
>>>TEST RECORD START<<<

fmax:
fmax,6306.152676
fmax,6306.152676
fmax,19.463530
fmax,19.463530
fmax,25.999826
fmax,25.999826
fmax,21.781754
fmax,21.781754
fmax,100000.000000
fmax,100000.000000

opt_arr:
f1
opt_arr,0.533616
opt_arr,-2.804498
opt_arr,3.542131
opt_arr,-2.566149
opt_arr,-3.821680
opt_arr,-3.957793
opt_arr,1.084170
opt_arr,-1.717124
opt_arr,-3.962065
opt_arr,0.749077

f2
opt_arr,-0.406049
opt_arr,-1.601459
opt_arr,-1.849574
opt_arr,-1.151616
opt_arr,-3.462477
opt_arr,0.191809
opt_arr,-4.143651
opt_arr,3.603778
opt_arr,-2.734306
opt_arr,-2.815180

f3
opt_arr,4.861751
opt_arr,4.074679
opt_arr,1.069826
opt_arr,-2.903684
opt_arr,0.240028
opt_arr,-4.643239
opt_arr,-3.290963
opt_arr,-3.496963
opt_arr,-1.310007
opt_arr,3.062380

f4
opt_arr,-4.773858
opt_arr,3.650472
opt_arr,-3.640400
opt_arr,1.096683
opt_arr,2.856990
opt_arr,0.967895
opt_arr,-2.452620
opt_arr,-3.196661
opt_arr,1.852626
opt_arr,3.854946

f5
opt_arr,4.596850
opt_arr,2.532273
opt_arr,2.024751
opt_arr,-2.703787
opt_arr,4.293191
opt_arr,-2.303690
opt_arr,0.823237
opt_arr,-3.122806
opt_arr,1.079287
opt_arr,0.379192

f6
opt_arr,4.763787
opt_arr,-4.250160
opt_arr,2.397687
opt_arr,2.555773
opt_arr,0.015412
opt_arr,4.123508
opt_arr,-3.525956
opt_arr,-2.010407
opt_arr,4.960326
opt_arr,2.833186

f7
opt_arr,-2.142247
opt_arr,-3.131657
opt_arr,2.537767
opt_arr,-2.443464
opt_arr,1.023743
opt_arr,-3.762169
opt_arr,-4.811396
opt_arr,-4.764092
opt_arr,-2.640919
opt_arr,0.302896

f8
opt_arr,0.206458
opt_arr,-0.731376
opt_arr,-4.163793
opt_arr,-0.349284
opt_arr,-1.686911
opt_arr,-4.968871
opt_arr,2.692495
opt_arr,3.465835
opt_arr,3.270821
opt_arr,2.299112

f9
opt_arr,0.424360
opt_arr,3.791772
opt_arr,-4.661855
opt_arr,-3.880581
opt_arr,1.414686
opt_arr,-4.089633
opt_arr,-3.608966
opt_arr,2.707450
opt_arr,-3.505814
opt_arr,3.893704

f10
opt_arr,0.000000
opt_arr,0.000000
opt_arr,0.000000
opt_arr,0.000000
opt_arr,0.000000
opt_arr,0.000000
opt_arr,0.000000
opt_arr,0.000000
opt_arr,0.000000
opt_arr,0.000000


D*D rotate orthodox matrix:
0.364487,0.113843,-0.439984,0.405719,-0.383267,-0.433286,-0.371505,0.078810,-0.073264,0.108494,
-0.030623,0.987020,0.044475,-0.004823,0.064819,0.056031,0.086744,-0.009388,0.061769,0.063907,
0.172435,0.014524,0.894856,0.173246,-0.202157,-0.217521,-0.211230,0.039052,-0.070188,0.004678,
-0.251500,-0.021183,0.011422,0.866951,0.187552,0.252695,0.125412,-0.047858,-0.080571,-0.247030,
0.203074,0.017104,-0.009223,-0.035943,0.841241,-0.289486,-0.343016,0.050686,-0.177052,-0.118430,
0.354412,0.029851,-0.016096,-0.062729,-0.069919,0.769625,-0.477382,0.082418,-0.187557,-0.047234,
0.449503,0.037860,-0.020414,-0.079559,-0.088679,-0.053360,0.544627,0.118854,-0.525819,-0.437980,
-0.132724,-0.011179,0.006028,0.023491,0.026184,0.015756,0.044577,0.982866,0.098559,0.054874,
0.216505,0.018236,-0.009833,-0.038320,-0.042713,-0.025701,-0.072717,0.003622,0.693961,-0.679602,
0.582954,-0.095383,0.051430,0.200435,0.223411,0.134432,0.380349,-0.018947,0.380910,0.500145,
>>>TEST RECORD OVER<<<
>>>TEST RECORD START<<<

fmax:
fmax,6373.475265
fmax,6373.475265
fmax,25.593489
fmax,25.593489
fmax,25.995219
fmax,25.995219
fmax,21.455576
fmax,21.455576
fmax,100000.000000
fmax,100000.000000

opt_arr:
f1
opt_arr,2.706229
opt_arr,-2.070223
opt_arr,-1.724754
opt_arr,-3.647725
opt_arr,-1.708579
opt_arr,-1.570330
opt_arr,1.745506
opt_arr,0.815912
opt_arr,0.921812
opt_arr,0.543077

f2
opt_arr,1.194342
opt_arr,-2.297891
opt_arr,-3.227485
opt_arr,-3.158818
opt_arr,0.610523
opt_arr,4.932554
opt_arr,-2.583239
opt_arr,1.595660
opt_arr,-4.787591
opt_arr,-2.247230

f3
opt_arr,-0.594348
opt_arr,3.282418
opt_arr,0.182043
opt_arr,3.790246
opt_arr,-4.646901
opt_arr,2.578356
opt_arr,2.928404
opt_arr,-2.501144
opt_arr,-3.159734
opt_arr,4.903867

f4
opt_arr,1.704306
opt_arr,-4.428999
opt_arr,4.442427
opt_arr,1.584368
opt_arr,-1.619160
opt_arr,-0.140233
opt_arr,-4.797967
opt_arr,-1.318552
opt_arr,-1.805322
opt_arr,-0.612659

f5
opt_arr,2.857601
opt_arr,-2.432173
opt_arr,4.279458
opt_arr,-2.000641
opt_arr,1.130558
opt_arr,-3.700827
opt_arr,-0.203406
opt_arr,-0.776543
opt_arr,-4.599292
opt_arr,-4.148534

f6
opt_arr,-4.523911
opt_arr,4.898679
opt_arr,3.067568
opt_arr,0.282754
opt_arr,-4.620960
opt_arr,-0.864742
opt_arr,-2.085177
opt_arr,4.884335
opt_arr,-1.304514
opt_arr,4.173254

f7
opt_arr,-1.203192
opt_arr,1.380810
opt_arr,0.390484
opt_arr,-0.308084
opt_arr,-2.052828
opt_arr,4.248024
opt_arr,-1.490371
opt_arr,2.145604
opt_arr,-0.766167
opt_arr,-2.800836

f8
opt_arr,0.958739
opt_arr,-4.325846
opt_arr,1.665548
opt_arr,3.917814
opt_arr,-0.434431
opt_arr,1.165349
opt_arr,-1.535539
opt_arr,2.083346
opt_arr,4.243446
opt_arr,-4.982299

f9
opt_arr,-2.979675
opt_arr,4.767754
opt_arr,-4.939573
opt_arr,4.178442
opt_arr,0.033113
opt_arr,-1.749168
opt_arr,-4.963378
opt_arr,-0.991089
opt_arr,3.160344
opt_arr,0.329447

f10
opt_arr,0.000000
opt_arr,0.000000
opt_arr,0.000000
opt_arr,0.000000
opt_arr,0.000000
opt_arr,0.000000
opt_arr,0.000000
opt_arr,0.000000
opt_arr,0.000000
opt_arr,0.000000


D*D rotate orthodox matrix:
0.617405,0.403236,-0.309231,-0.191994,-0.323547,0.001826,-0.201392,-0.135982,0.228542,0.328268,
-0.279497,0.911160,0.122544,0.119366,0.188207,0.034951,0.084841,0.015537,-0.084905,-0.105415,
0.228500,-0.002839,0.924771,-0.006058,-0.036141,0.072339,-0.087210,-0.142508,0.121749,0.208002,
0.198650,-0.002468,-0.005383,0.911450,-0.279177,-0.149486,-0.038254,0.149290,-0.004298,-0.075545,
0.478909,-0.005950,-0.012977,0.024142,0.765647,-0.294039,-0.103957,0.274571,0.024046,-0.102036,
0.242941,-0.003018,-0.006583,0.012247,0.015752,0.861425,-0.022885,0.356372,-0.075328,-0.255492,
0.230685,-0.002866,-0.006251,0.011629,0.014957,0.012821,0.963008,-0.034210,0.078700,0.107077,
-0.265730,0.003301,0.007201,-0.013396,-0.017230,-0.014769,0.002612,0.706865,0.226373,0.614590,
-0.126475,0.001571,0.003427,-0.006376,-0.008200,-0.007029,0.001243,0.009042,0.907616,-0.399978,
-0.144292,-0.084311,-0.183885,0.342089,0.439999,0.377163,-0.066711,-0.485151,0.195605,0.455302,
>>>TEST RECORD OVER<<<
