>>>TEST RECORD START<<<

fmax:
fmax,22.008455
fmax,22.008455
fmax,335.816093
fmax,335.816093
fmax,21.010945
fmax,21.010945
fmax,26.000053
fmax,26.000053
fmax,100000.000000
fmax,100000.000000

opt_arr:
f1
opt_arr,4.282815
opt_arr,-4.624012
opt_arr,3.857387
opt_arr,-2.501450
opt_arr,1.211127
opt_arr,-4.503464
opt_arr,3.377026
opt_arr,1.503800
opt_arr,4.882504
opt_arr,-2.714774

f2
opt_arr,0.012360
opt_arr,4.361553
opt_arr,1.706442
opt_arr,-0.454573
opt_arr,-1.741844
opt_arr,4.879452
opt_arr,3.392285
opt_arr,-2.239906
opt_arr,4.832453
opt_arr,-1.604205

f3
opt_arr,2.442244
opt_arr,3.861354
opt_arr,0.625477
opt_arr,-2.814875
opt_arr,2.197180
opt_arr,2.341533
opt_arr,3.608661
opt_arr,-2.015595
opt_arr,-4.504379
opt_arr,0.530869

f4
opt_arr,-0.742973
opt_arr,-3.031556
opt_arr,1.007263
opt_arr,-4.156468
opt_arr,0.061495
opt_arr,-2.526475
opt_arr,1.305734
opt_arr,-2.190161
opt_arr,0.677053
opt_arr,0.790582

f5
opt_arr,1.741234
opt_arr,-2.293619
opt_arr,0.286111
opt_arr,-4.664296
opt_arr,4.179052
opt_arr,3.597674
opt_arr,-1.274911
opt_arr,4.515061
opt_arr,4.658803
opt_arr,3.596759

f6
opt_arr,-2.053133
opt_arr,-1.413465
opt_arr,-0.951720
opt_arr,-4.834895
opt_arr,-4.623707
opt_arr,0.847957
opt_arr,-4.257179
opt_arr,3.258919
opt_arr,0.723441
opt_arr,3.445082

f7
opt_arr,-0.518967
opt_arr,-4.868160
opt_arr,2.813654
opt_arr,3.126469
opt_arr,-4.665822
opt_arr,4.618213
opt_arr,-1.995453
opt_arr,2.250282
opt_arr,-3.063906
opt_arr,3.691671

f8
opt_arr,-3.255867
opt_arr,-4.642323
opt_arr,-1.987823
opt_arr,4.130528
opt_arr,-0.164037
opt_arr,-3.374584
opt_arr,1.272164
opt_arr,-2.911924
opt_arr,0.974609
opt_arr,-1.490982

f9
opt_arr,3.728904
opt_arr,3.385876
opt_arr,-2.886593
opt_arr,-3.109378
opt_arr,2.504807
opt_arr,2.343974
opt_arr,3.227180
opt_arr,3.044374
opt_arr,0.190893
opt_arr,1.957610

f10
opt_arr,0.000000
opt_arr,0.000000
opt_arr,0.000000
opt_arr,0.000000
opt_arr,0.000000
opt_arr,0.000000
opt_arr,0.000000
opt_arr,0.000000
opt_arr,0.000000
opt_arr,0.000000


D*D rotate orthodox matrix:
0.200096,0.647095,-0.519271,0.310497,-0.216205,0.090333,-0.249525,0.010167,-0.059809,0.233091,
-0.159422,0.648522,0.414745,0.087258,0.280718,-0.100144,0.092372,0.254936,0.186432,-0.421026,
0.227274,0.090599,0.747223,0.165784,-0.306143,0.118336,-0.223977,-0.135350,-0.145437,0.396166,
-0.237103,-0.094518,0.000404,0.768141,0.115192,-0.070414,0.434035,-0.353994,-0.109544,0.029710,
0.172558,0.068788,-0.000294,-0.095806,0.859752,0.097741,-0.140233,-0.176467,-0.149310,0.366725,
-0.086786,-0.034596,0.000148,0.048184,0.015617,0.975399,0.084062,0.055307,0.057447,-0.154520,
0.392410,0.156429,-0.000668,-0.217870,-0.070615,0.018342,0.801074,0.208039,-0.018048,0.288840,
-0.354173,-0.141186,0.000603,0.196640,0.063734,-0.016555,-0.062541,0.775936,-0.324357,0.316904,
-0.168507,-0.067173,0.000287,0.093557,0.030323,-0.007877,-0.029756,0.073538,0.876238,0.428103,
-0.693937,0.297827,-0.001273,-0.414807,-0.134444,0.034923,0.131929,-0.326050,-0.172027,0.291689,
>>>TEST RECORD OVER<<<
