>>>TEST RECORD START<<<

fmax:
fmax,100000.000000
fmax,100000.000000
fmax,100000.000000
fmax,100000.000000
fmax,100000.000000
fmax,100000.000000
fmax,100000.000000
fmax,100000.000000
fmax,100000.000000
fmax,100000.000000

opt_arr:
f1
opt_arr,-3.363292
opt_arr,0.039827
opt_arr,-1.680807
opt_arr,-2.144688
opt_arr,1.609394
opt_arr,1.810205
opt_arr,-3.831446
opt_arr,-4.842524
opt_arr,-3.846095
opt_arr,1.809290

f2
opt_arr,-3.693503
opt_arr,1.234626
opt_arr,-2.233497
opt_arr,-0.510117
opt_arr,-0.442366
opt_arr,1.058229
opt_arr,4.194617
opt_arr,-1.374706
opt_arr,-1.446730
opt_arr,-0.116428

f3
opt_arr,-4.778130
opt_arr,-1.791894
opt_arr,-3.717917
opt_arr,3.848537
opt_arr,2.128513
opt_arr,0.322733
opt_arr,3.722190
opt_arr,3.323313
opt_arr,-1.113468
opt_arr,2.802362

f4
opt_arr,3.119755
opt_arr,-0.672170
opt_arr,4.159825
opt_arr,-0.514695
opt_arr,-1.526688
opt_arr,-1.671957
opt_arr,-1.835536
opt_arr,-4.121067
opt_arr,-0.211035
opt_arr,-4.276711

f5
opt_arr,3.457900
opt_arr,3.049257
opt_arr,2.663808
opt_arr,3.338267
opt_arr,3.712119
opt_arr,-2.458419
opt_arr,-0.230567
opt_arr,1.229743
opt_arr,-0.458235
opt_arr,0.153966

f6
opt_arr,-4.211707
opt_arr,-0.875729
opt_arr,-4.556566
opt_arr,1.365856
opt_arr,2.371746
opt_arr,-2.203284
opt_arr,-3.088626
opt_arr,-3.756371
opt_arr,4.678640
opt_arr,-4.298685

f7
opt_arr,1.790979
opt_arr,-3.372448
opt_arr,-3.941618
opt_arr,1.170843
opt_arr,4.932249
opt_arr,3.419752
opt_arr,2.445296
opt_arr,-4.507126
opt_arr,0.210120
opt_arr,-3.221381

f8
opt_arr,3.014161
opt_arr,-2.819147
opt_arr,-1.034425
opt_arr,-2.959532
opt_arr,-1.323740
opt_arr,2.744987
opt_arr,-1.060366
opt_arr,4.172948
opt_arr,4.965209
opt_arr,4.280984

f9
opt_arr,2.754448
opt_arr,-1.425062
opt_arr,0.880001
opt_arr,-0.810419
opt_arr,0.009003
opt_arr,1.043275
opt_arr,0.250404
opt_arr,2.335734
opt_arr,2.053133
opt_arr,4.703055

f10
opt_arr,0.000000
opt_arr,0.000000
opt_arr,0.000000
opt_arr,0.000000
opt_arr,0.000000
opt_arr,0.000000
opt_arr,0.000000
opt_arr,0.000000
opt_arr,0.000000
opt_arr,0.000000


D*D rotate orthodox matrix:
0.359344,-0.414303,-0.203467,-0.159427,-0.381744,0.176867,0.195416,-0.363556,-0.123343,-0.519446,
0.209728,0.869608,0.059214,-0.145378,-0.131231,0.123255,0.131370,-0.253355,-0.222217,-0.109158,
-0.002603,-0.000504,0.837296,0.106966,-0.182392,-0.041777,-0.036430,0.085875,0.304657,-0.388531,
0.112479,0.021769,-0.040851,0.959264,-0.038087,0.073165,0.076561,-0.150394,-0.172156,0.009878,
0.150957,0.029216,-0.054826,0.016121,0.858087,0.050278,0.061323,-0.103349,0.128375,-0.450920,
-0.117975,-0.022833,0.042847,-0.012599,0.022047,0.969930,-0.071208,0.136123,0.101671,0.091532,
-0.137855,-0.026680,0.050067,-0.014722,0.025762,0.005634,0.962401,0.156081,0.107932,0.120995,
0.337521,0.065323,-0.122584,0.036045,-0.063075,-0.013795,-0.011928,0.841289,-0.288634,-0.264762,
0.567370,0.109807,-0.206062,0.060591,-0.106028,-0.023190,-0.020050,0.047667,0.746694,0.218851,
0.568057,-0.230760,0.433040,-0.127333,0.222818,0.048733,0.042136,-0.100173,-0.365548,0.472086,
>>>TEST RECORD OVER<<<
>>>TEST RECORD START<<<

fmax:
fmax,100000.000000
fmax,100000.000000
fmax,100000.000000
fmax,100000.000000
fmax,100000.000000
fmax,100000.000000
fmax,100000.000000
fmax,100000.000000
fmax,100000.000000
fmax,100000.000000

opt_arr:
f1
opt_arr,-3.021485
opt_arr,-4.867550
opt_arr,-1.743370
opt_arr,-3.310495
opt_arr,1.290475
opt_arr,2.842036
opt_arr,1.965545
opt_arr,-1.255989
opt_arr,4.509873
opt_arr,-1.741539

f2
opt_arr,0.824458
opt_arr,-4.154942
opt_arr,-4.840388
opt_arr,1.481521
opt_arr,2.528916
opt_arr,-4.072237
opt_arr,1.375927
opt_arr,-2.708975
opt_arr,0.184484
opt_arr,2.335124

f3
opt_arr,0.143284
opt_arr,-1.320078
opt_arr,-2.036653
opt_arr,-1.896573
opt_arr,0.699026
opt_arr,-2.096164
opt_arr,4.200720
opt_arr,-2.079684
opt_arr,4.902951
opt_arr,-3.384960

f4
opt_arr,-2.755669
opt_arr,1.822718
opt_arr,2.394635
opt_arr,1.639912
opt_arr,4.374981
opt_arr,-0.305033
opt_arr,3.350780
opt_arr,-2.036653
opt_arr,-0.901364
opt_arr,0.630665

f5
opt_arr,-3.352611
opt_arr,-4.516587
opt_arr,-2.862484
opt_arr,-3.780480
opt_arr,-3.749046
opt_arr,1.096988
opt_arr,-3.580279
opt_arr,1.823634
opt_arr,3.639180
opt_arr,2.679983

f6
opt_arr,1.386608
opt_arr,4.903256
opt_arr,-0.928220
opt_arr,-3.473464
opt_arr,-3.068789
opt_arr,4.457076
opt_arr,-0.476547
opt_arr,4.805597
opt_arr,2.275307
opt_arr,0.637074

f7
opt_arr,-3.914762
opt_arr,4.599292
opt_arr,0.101474
opt_arr,-1.396985
opt_arr,-1.345408
opt_arr,-4.911802
opt_arr,1.252327
opt_arr,-4.323710
opt_arr,0.720695
opt_arr,4.441816

f8
opt_arr,0.306864
opt_arr,-4.141514
opt_arr,2.061678
opt_arr,2.978149
opt_arr,2.350688
opt_arr,0.774102
opt_arr,2.164525
opt_arr,4.157079
opt_arr,-3.753624
opt_arr,1.103092

f9
opt_arr,2.177343
opt_arr,-0.032807
opt_arr,4.726249
opt_arr,-2.437056
opt_arr,-1.786401
opt_arr,2.269204
opt_arr,-3.394116
opt_arr,-4.494308
opt_arr,3.813135
opt_arr,-3.339793

f10
opt_arr,0.000000
opt_arr,0.000000
opt_arr,0.000000
opt_arr,0.000000
opt_arr,0.000000
opt_arr,0.000000
opt_arr,0.000000
opt_arr,0.000000
opt_arr,0.000000
opt_arr,0.000000


D*D rotate orthodox matrix:
0.336160,-0.362193,-0.662329,0.055138,0.024198,-0.003569,0.022195,0.433875,-0.159757,0.315013,
0.172713,0.896372,-0.301069,-0.154583,-0.152474,0.038154,0.076676,0.130049,-0.055313,0.039933,
0.362525,0.083912,0.677001,0.087959,0.051787,-0.010079,0.013767,0.482372,-0.176457,0.358713,
0.147109,0.034051,-0.015672,0.837948,-0.434416,0.106346,0.185852,-0.060739,0.002322,-0.191139,
0.311462,0.072093,-0.033181,0.154725,0.768322,0.201439,0.354773,-0.073513,-0.010962,-0.332369,
-0.128831,-0.029820,0.013725,-0.064000,-0.057699,0.967112,-0.144708,0.027508,0.005370,0.133673,
-0.306303,-0.070898,0.032631,-0.152163,-0.137184,0.033265,0.886058,0.025793,0.024184,0.265816,
-0.226278,-0.052375,0.024106,-0.112408,-0.101343,0.024574,0.040113,0.707286,0.196585,-0.617621,
0.148852,0.034454,-0.015857,0.073945,0.066666,-0.016166,-0.026387,0.037544,0.946966,0.259578,
-0.650626,0.205160,-0.094425,0.440314,0.396970,-0.096260,-0.157126,0.223558,-0.064437,0.293481,
>>>TEST RECORD OVER<<<
>>>TEST RECORD START<<<

fmax:
fmax,100000.000000
fmax,100000.000000
fmax,100000.000000
fmax,100000.000000
fmax,100000.000000
fmax,100000.000000
fmax,100000.000000
fmax,100000.000000
fmax,100000.000000
fmax,100000.000000

opt_arr:
f1
opt_arr,-2.703482
opt_arr,1.501358
opt_arr,-2.647328
opt_arr,-0.721000
opt_arr,-4.574877
opt_arr,-4.887082
opt_arr,4.966124
opt_arr,3.771020
opt_arr,1.930754
opt_arr,-0.262612

f2
opt_arr,-3.574480
opt_arr,0.133213
opt_arr,0.403302
opt_arr,2.284158
opt_arr,2.959838
opt_arr,3.809778
opt_arr,2.136143
opt_arr,1.006348
opt_arr,-1.592914
opt_arr,2.487106

f3
opt_arr,1.454970
opt_arr,-4.234291
opt_arr,-0.327006
opt_arr,0.981933
opt_arr,2.314371
opt_arr,4.488205
opt_arr,-1.389355
opt_arr,1.845912
opt_arr,-2.271645
opt_arr,1.122929

f4
opt_arr,-0.610523
opt_arr,-0.492721
opt_arr,-1.404309
opt_arr,-4.577929
opt_arr,0.417035
opt_arr,0.762200
opt_arr,3.480178
opt_arr,-0.156102
opt_arr,4.870907
opt_arr,-0.578173

f5
opt_arr,-4.088717
opt_arr,3.899503
opt_arr,-1.092105
opt_arr,-2.062899
opt_arr,0.770135
opt_arr,1.255074
opt_arr,1.613666
opt_arr,3.804590
opt_arr,-3.687399
opt_arr,-0.101779

f6
opt_arr,-4.252297
opt_arr,3.572344
opt_arr,3.408460
opt_arr,0.684988
opt_arr,3.358409
opt_arr,2.254555
opt_arr,-1.458327
opt_arr,4.576098
opt_arr,-4.682913
opt_arr,0.970946

f7
opt_arr,2.149571
opt_arr,3.879055
opt_arr,-1.153142
opt_arr,0.617542
opt_arr,-1.148869
opt_arr,-2.193823
opt_arr,2.096164
opt_arr,4.389630
opt_arr,1.136967
opt_arr,-2.338176

f8
opt_arr,-0.170141
opt_arr,-3.038881
opt_arr,3.075198
opt_arr,1.969512
opt_arr,-0.704825
opt_arr,3.139897
opt_arr,-4.399396
opt_arr,-3.146306
opt_arr,0.324564
opt_arr,3.803674

f9
opt_arr,-0.050203
opt_arr,1.990875
opt_arr,-1.259346
opt_arr,1.939604
opt_arr,0.800653
opt_arr,-2.567370
opt_arr,-2.876522
opt_arr,-3.411512
opt_arr,-4.317301
opt_arr,1.629536

f10
opt_arr,0.000000
opt_arr,0.000000
opt_arr,0.000000
opt_arr,0.000000
opt_arr,0.000000
opt_arr,0.000000
opt_arr,0.000000
opt_arr,0.000000
opt_arr,0.000000
opt_arr,0.000000


D*D rotate orthodox matrix:
0.245472,-0.408494,0.230125,-0.357101,-0.088781,-0.479807,-0.272969,0.475756,0.213901,-0.087699,
0.110996,0.911835,0.079959,-0.160671,-0.037720,-0.203534,-0.107383,0.233148,0.105424,-0.064614,
-0.064738,-0.000835,0.812261,0.105556,0.057834,0.317068,0.299775,0.130355,0.067134,-0.331143,
0.122352,0.001579,0.020369,0.913899,-0.048822,-0.264453,-0.166305,0.203164,0.090211,0.003330,
0.034450,0.000445,0.005735,-0.000191,0.991023,-0.094946,-0.071316,0.029698,0.012117,0.039028,
0.266618,0.003441,0.044386,-0.001476,-0.004466,0.680059,-0.556727,0.224460,0.091177,0.309499,
0.390863,0.005044,0.065070,-0.002165,-0.006548,-0.036245,0.599828,0.173141,0.058368,0.669646,
-0.556877,-0.007187,-0.092707,0.003084,0.009329,0.051639,0.061736,0.656660,-0.469163,0.152810,
-0.532832,-0.006876,-0.088704,0.002951,0.008926,0.049409,0.059071,0.066342,0.815402,0.181312,
-0.298654,0.039357,0.507706,-0.016888,-0.051088,-0.282797,-0.338095,-0.379716,-0.183376,0.525836,
>>>TEST RECORD OVER<<<
>>>TEST RECORD START<<<

fmax:
fmax,100000.000000
fmax,100000.000000
fmax,100000.000000
fmax,100000.000000
fmax,100000.000000
fmax,100000.000000
fmax,100000.000000
fmax,100000.000000
fmax,100000.000000
fmax,100000.000000

opt_arr:
f1
opt_arr,-2.549974
opt_arr,-3.355052
opt_arr,-3.083438
opt_arr,0.184484
opt_arr,0.179907
opt_arr,-0.341960
opt_arr,1.241951
opt_arr,-3.802759
opt_arr,-2.072970
opt_arr,0.796381

f2
opt_arr,-0.525681
opt_arr,2.203589
opt_arr,0.865658
opt_arr,-0.087130
opt_arr,-4.073763
opt_arr,-1.350902
opt_arr,2.503281
opt_arr,-3.062075
opt_arr,4.445479
opt_arr,-1.922514

f3
opt_arr,-2.049776
opt_arr,3.324839
opt_arr,-4.674368
opt_arr,0.647450
opt_arr,-1.388745
opt_arr,4.218421
opt_arr,0.049898
opt_arr,-3.845485
opt_arr,-2.631764
opt_arr,-0.838801

f4
opt_arr,0.425275
opt_arr,2.872555
opt_arr,3.313547
opt_arr,4.144871
opt_arr,3.678854
opt_arr,-1.481216
opt_arr,0.094150
opt_arr,2.820673
opt_arr,0.070956
opt_arr,3.666036

f5
opt_arr,-3.064821
opt_arr,-0.313578
opt_arr,4.590442
opt_arr,2.904294
opt_arr,-3.600116
opt_arr,3.055361
opt_arr,-0.706656
opt_arr,4.071322
opt_arr,-2.051607
opt_arr,0.624256

f6
opt_arr,-2.146825
opt_arr,0.860775
opt_arr,1.364025
opt_arr,-4.549242
opt_arr,-1.125065
opt_arr,-0.877560
opt_arr,-0.897702
opt_arr,-4.845576
opt_arr,-0.455489
opt_arr,2.166356

f7
opt_arr,1.628620
opt_arr,2.151708
opt_arr,-3.827784
opt_arr,-4.617298
opt_arr,4.808344
opt_arr,-2.260964
opt_arr,3.192999
opt_arr,-4.508042
opt_arr,3.407239
opt_arr,-2.162999

f8
opt_arr,-2.814264
opt_arr,4.734794
opt_arr,-0.228431
opt_arr,3.206732
opt_arr,-2.524644
opt_arr,-4.684133
opt_arr,1.742454
opt_arr,1.949065
opt_arr,-0.120396
opt_arr,4.417707

f9
opt_arr,-1.125370
opt_arr,-2.894528
opt_arr,-4.838862
opt_arr,-4.913327
opt_arr,1.014893
opt_arr,-2.833186
opt_arr,-1.247444
opt_arr,3.318125
opt_arr,-1.690268
opt_arr,2.304605

f10
opt_arr,0.000000
opt_arr,0.000000
opt_arr,0.000000
opt_arr,0.000000
opt_arr,0.000000
opt_arr,0.000000
opt_arr,0.000000
opt_arr,0.000000
opt_arr,0.000000
opt_arr,0.000000


D*D rotate orthodox matrix:
0.540095,-0.364124,-0.480499,-0.283950,0.061569,0.015794,-0.209260,0.087297,-0.265587,-0.371775,
0.228698,0.923286,-0.192287,-0.166048,0.008852,0.008410,-0.013468,0.058225,-0.150270,-0.066277,
0.341301,0.014378,0.851939,-0.157455,0.047169,0.009154,-0.168290,0.044965,-0.149690,-0.278668,
0.357040,0.015041,-0.009865,0.872933,-0.012134,0.015726,0.092227,0.122942,-0.291586,0.033907,
-0.022227,-0.000936,0.000614,-0.002518,0.989407,0.001130,0.086286,0.018384,-0.028154,0.109520,
-0.021684,-0.000913,0.000599,-0.002456,-0.000923,0.999599,-0.002923,-0.006709,0.016361,0.001189,
0.041262,0.001738,-0.001140,0.004674,0.001757,-0.000176,0.793330,-0.117573,0.200671,-0.561074,
-0.151860,-0.006397,0.004196,-0.017201,-0.006465,0.000647,0.028213,0.967009,0.165679,-0.114849,
0.532887,0.022449,-0.014724,0.060359,0.022687,-0.002269,-0.099001,-0.028010,0.813550,0.196721,
0.319898,-0.118213,0.077535,-0.317842,-0.119465,0.011950,0.521324,0.147497,-0.262320,0.632373,
>>>TEST RECORD OVER<<<
>>>TEST RECORD START<<<

fmax:
fmax,100000.000000
fmax,100000.000000
fmax,100000.000000
fmax,100000.000000
fmax,100000.000000
fmax,100000.000000
fmax,100000.000000
fmax,100000.000000
fmax,100000.000000
fmax,100000.000000

opt_arr:
f1
opt_arr,-2.348552
opt_arr,-0.764031
opt_arr,-1.837672
opt_arr,3.579669
opt_arr,-3.973052
opt_arr,1.723228
opt_arr,3.110599
opt_arr,-4.255959
opt_arr,-4.207739
opt_arr,1.795557

f2
opt_arr,0.356609
opt_arr,4.918821
opt_arr,-4.372539
opt_arr,-0.080416
opt_arr,3.973663
opt_arr,-2.535630
opt_arr,-4.288003
opt_arr,2.770318
opt_arr,-2.698904
opt_arr,-1.732078

f3
opt_arr,1.664937
opt_arr,-2.345195
opt_arr,0.922422
opt_arr,3.066042
opt_arr,-1.180914
opt_arr,-4.057588
opt_arr,3.626362
opt_arr,1.806848
opt_arr,3.389843
opt_arr,-4.190954

f4
opt_arr,-4.580065
opt_arr,-4.142430
opt_arr,2.099216
opt_arr,-0.388043
opt_arr,-3.341319
opt_arr,-3.125248
opt_arr,-3.178350
opt_arr,-3.794519
opt_arr,2.346721
opt_arr,0.141758

f5
opt_arr,-4.189123
opt_arr,3.510697
opt_arr,-4.320353
opt_arr,0.198828
opt_arr,-1.929838
opt_arr,1.650594
opt_arr,-0.113681
opt_arr,1.563921
opt_arr,2.431562
opt_arr,1.966155

f6
opt_arr,2.433088
opt_arr,2.368999
opt_arr,-2.096774
opt_arr,2.222205
opt_arr,0.656301
opt_arr,3.715476
opt_arr,-3.149663
opt_arr,3.316599
opt_arr,2.881405
opt_arr,2.565844

f7
opt_arr,-2.431257
opt_arr,-2.191687
opt_arr,4.092685
opt_arr,0.984375
opt_arr,-2.183447
opt_arr,-4.427168
opt_arr,0.216224
opt_arr,-0.464034
opt_arr,-4.134800
opt_arr,-3.101749

f8
opt_arr,0.081027
opt_arr,-2.341533
opt_arr,0.632801
opt_arr,-1.664022
opt_arr,-0.885495
opt_arr,-1.179693
opt_arr,-2.539293
opt_arr,1.619160
opt_arr,3.841212
opt_arr,3.275094

f9
opt_arr,1.100345
opt_arr,0.957518
opt_arr,1.245613
opt_arr,-3.771935
opt_arr,2.464827
opt_arr,-0.973998
opt_arr,2.058321
opt_arr,4.223304
opt_arr,0.716422
opt_arr,-3.044374

f10
opt_arr,0.000000
opt_arr,0.000000
opt_arr,0.000000
opt_arr,0.000000
opt_arr,0.000000
opt_arr,0.000000
opt_arr,0.000000
opt_arr,0.000000
opt_arr,0.000000
opt_arr,0.000000


D*D rotate orthodox matrix:
0.321228,-0.276827,-0.092444,0.052764,0.092166,-0.446838,0.499471,0.093267,-0.556301,-0.181797,
0.124190,0.922746,-0.052446,-0.187565,0.170908,-0.170668,0.096698,0.087970,-0.138116,0.026143,
0.041532,0.008989,0.992987,-0.041585,0.043404,-0.057287,0.042138,0.024142,-0.054013,-0.001060,
0.103012,0.022295,0.004308,0.740062,0.506779,-0.135942,-0.179916,0.213045,0.093085,0.281876,
-0.228029,-0.049352,-0.009535,-0.118699,0.731412,0.305924,0.166911,-0.347017,-0.021372,-0.392551,
0.307998,0.066660,0.012879,0.160327,-0.104289,0.809827,0.207100,0.235790,-0.316420,0.097562,
-0.146260,-0.031655,-0.006116,-0.076135,0.049524,0.000763,0.746603,0.121734,0.496702,0.387776,
-0.290784,-0.062934,-0.012160,-0.151366,0.098460,0.001517,-0.070166,0.851653,0.069799,-0.378973,
0.489299,0.105899,0.020461,0.254702,-0.165677,-0.002552,0.118068,-0.063579,0.519106,-0.607595,
0.613867,-0.219709,-0.042450,-0.528431,0.343732,0.005295,-0.244956,0.131909,0.195541,0.245019,
>>>TEST RECORD OVER<<<
>>>TEST RECORD START<<<

fmax:
fmax,100000.000000
fmax,100000.000000
fmax,100000.000000
fmax,100000.000000
fmax,100000.000000
fmax,100000.000000
fmax,100000.000000
fmax,100000.000000
fmax,100000.000000
fmax,100000.000000

opt_arr:
f1
opt_arr,-1.707968
opt_arr,-1.625568
opt_arr,3.613849
opt_arr,-4.523911
opt_arr,0.035859
opt_arr,2.257912
opt_arr,3.860744
opt_arr,1.330760
opt_arr,-4.170812
opt_arr,-4.627979

f2
opt_arr,1.333201
opt_arr,3.561968
opt_arr,-0.104221
opt_arr,-3.227485
opt_arr,-1.302377
opt_arr,-0.316019
opt_arr,-1.845912
opt_arr,-1.684469
opt_arr,-3.460646
opt_arr,4.467757

f3
opt_arr,1.707053
opt_arr,-4.551378
opt_arr,-2.747734
opt_arr,-0.473495
opt_arr,4.331950
opt_arr,-4.014863
opt_arr,4.960631
opt_arr,4.797967
opt_arr,4.289224
opt_arr,-4.069796

f4
opt_arr,4.289529
opt_arr,3.479568
opt_arr,-4.241920
opt_arr,-3.579058
opt_arr,-4.202857
opt_arr,-3.012024
opt_arr,0.217139
opt_arr,0.842158
opt_arr,0.877865
opt_arr,1.498611

f5
opt_arr,3.073366
opt_arr,-3.820765
opt_arr,3.950468
opt_arr,2.626270
opt_arr,-4.137852
opt_arr,-2.325663
opt_arr,4.744255
opt_arr,-0.179907
opt_arr,-0.674612
opt_arr,0.841853

f6
opt_arr,-1.503800
opt_arr,-2.978759
opt_arr,-2.321390
opt_arr,-0.085910
opt_arr,-3.128605
opt_arr,1.156804
opt_arr,-0.614490
opt_arr,-3.228095
opt_arr,-2.585681
opt_arr,-4.974975

f7
opt_arr,4.745170
opt_arr,-0.571764
opt_arr,4.353923
opt_arr,-3.858303
opt_arr,-4.389019
opt_arr,4.123814
opt_arr,-1.437269
opt_arr,-1.898404
opt_arr,-2.448958
opt_arr,0.097507

f8
opt_arr,-0.504318
opt_arr,-3.974883
opt_arr,-0.239723
opt_arr,1.099124
opt_arr,-3.094424
opt_arr,2.647938
opt_arr,3.039491
opt_arr,2.697684
opt_arr,-4.835505
opt_arr,-3.381909

f9
opt_arr,1.156194
opt_arr,-0.543687
opt_arr,-2.010712
opt_arr,-0.436262
opt_arr,-4.107944
opt_arr,1.032899
opt_arr,-3.607440
opt_arr,3.490249
opt_arr,1.100040
opt_arr,1.266976

f10
opt_arr,0.000000
opt_arr,0.000000
opt_arr,0.000000
opt_arr,0.000000
opt_arr,0.000000
opt_arr,0.000000
opt_arr,0.000000
opt_arr,0.000000
opt_arr,0.000000
opt_arr,0.000000


D*D rotate orthodox matrix:
0.356369,-0.380049,-0.232312,0.466760,-0.509784,0.103997,0.239378,0.324953,0.125246,0.086324,
0.097971,0.670438,0.079425,0.486167,-0.149501,-0.248803,-0.035657,0.065068,-0.105217,-0.444318,
0.096479,-0.049267,0.957952,0.037086,-0.135678,0.097361,0.090121,0.094028,0.068748,0.140143,
-0.243577,0.124384,-0.029072,0.641987,0.359894,0.268745,-0.039311,-0.192376,0.085475,0.514392,
0.389875,-0.199092,0.046533,0.116210,0.754822,-0.092895,0.186288,0.337426,0.032977,-0.254277,
-0.003367,0.001719,-0.000402,-0.001004,0.000026,0.874983,-0.100267,-0.026508,-0.136069,-0.452901,
-0.221349,0.113033,-0.026419,-0.065977,0.001725,0.051144,0.936913,-0.202669,-0.082590,-0.069694,
-0.442107,0.225764,-0.052767,-0.131778,0.003445,0.102151,0.037365,0.829604,-0.073567,0.167107,
-0.164551,0.084029,-0.019640,-0.049048,0.001282,0.038020,0.013907,0.003326,0.956538,-0.215533,
0.609278,0.527001,-0.123175,-0.307610,0.008041,0.238450,0.087221,0.020859,0.120044,0.402341,
>>>TEST RECORD OVER<<<
>>>TEST RECORD START<<<

fmax:
fmax,100000.000000
fmax,100000.000000
fmax,100000.000000
fmax,100000.000000
fmax,100000.000000
fmax,100000.000000
fmax,100000.000000
fmax,100000.000000
fmax,100000.000000
fmax,100000.000000

opt_arr:
f1
opt_arr,-1.587115
opt_arr,-4.726859
opt_arr,3.270821
opt_arr,4.044771
opt_arr,0.914487
opt_arr,-2.742851
opt_arr,-1.208075
opt_arr,3.237556
opt_arr,-4.459517
opt_arr,-1.653035

f2
opt_arr,-4.128391
opt_arr,-4.811701
opt_arr,-2.598193
opt_arr,-2.233497
opt_arr,-1.828516
opt_arr,-0.084994
opt_arr,-1.557512
opt_arr,-1.309702
opt_arr,4.141209
opt_arr,3.146001

f3
opt_arr,3.239082
opt_arr,-2.897885
opt_arr,1.693930
opt_arr,-1.450697
opt_arr,3.565325
opt_arr,4.344768
opt_arr,1.805628
opt_arr,3.183233
opt_arr,3.291879
opt_arr,-1.325266

f4
opt_arr,-4.897153
opt_arr,3.980682
opt_arr,0.179296
opt_arr,-3.868679
opt_arr,0.502792
opt_arr,-1.917325
opt_arr,-3.871731
opt_arr,-3.962065
opt_arr,-0.036164
opt_arr,4.833369

f5
opt_arr,2.449263
opt_arr,1.440626
opt_arr,-1.585284
opt_arr,2.243263
opt_arr,1.714072
opt_arr,-0.196692
opt_arr,2.921079
opt_arr,-4.256264
opt_arr,2.753227
opt_arr,4.269692

f6
opt_arr,0.150609
opt_arr,2.033906
opt_arr,0.358135
opt_arr,0.801569
opt_arr,-3.794214
opt_arr,-4.161351
opt_arr,-3.745689
opt_arr,1.512345
opt_arr,-2.121494
opt_arr,2.393109

f7
opt_arr,2.907346
opt_arr,-0.500046
opt_arr,-0.605029
opt_arr,3.457595
opt_arr,-3.279977
opt_arr,-4.500717
opt_arr,3.710593
opt_arr,-0.317545
opt_arr,2.191992
opt_arr,1.663717

f8
opt_arr,2.418134
opt_arr,-2.867061
opt_arr,3.593097
opt_arr,2.785577
opt_arr,3.333079
opt_arr,0.786615
opt_arr,-4.277932
opt_arr,0.272073
opt_arr,-0.184790
opt_arr,2.815180

f9
opt_arr,0.311136
opt_arr,-0.810724
opt_arr,0.891598
opt_arr,-1.534623
opt_arr,-0.367901
opt_arr,3.681295
opt_arr,-3.756066
opt_arr,-2.650990
opt_arr,3.878445
opt_arr,1.082949

f10
opt_arr,0.000000
opt_arr,0.000000
opt_arr,0.000000
opt_arr,0.000000
opt_arr,0.000000
opt_arr,0.000000
opt_arr,0.000000
opt_arr,0.000000
opt_arr,0.000000
opt_arr,0.000000


D*D rotate orthodox matrix:
0.295143,-0.302350,-0.629213,0.429955,0.316711,-0.000547,-0.257874,-0.086792,0.174499,-0.189520,
0.075143,0.920332,-0.320217,-0.035364,0.019648,-0.048613,-0.103176,-0.023793,0.013663,-0.171482,
0.279485,-0.060502,0.449663,-0.187903,0.049341,-0.199676,-0.398354,-0.089155,0.038841,-0.685767,
-0.233273,0.050498,0.114810,0.737669,-0.461031,-0.167047,0.074177,0.062739,-0.244214,-0.275977,
-0.349973,0.075761,0.172246,0.155897,0.804404,-0.137390,0.198929,0.098087,-0.294526,-0.126197,
-0.085299,0.018465,0.041981,0.037997,0.016000,0.942130,-0.029178,0.020397,-0.135462,-0.285821,
0.273881,-0.059289,-0.134796,-0.122001,-0.051373,-0.040833,0.839784,-0.083636,0.105755,-0.400871,
0.125960,-0.027267,-0.061994,-0.056109,-0.023627,-0.018779,-0.014536,0.981304,0.074016,-0.082708,
-0.372256,0.080585,0.183214,0.165823,0.069826,0.055500,0.042960,0.001942,0.882663,-0.070475,
0.644600,0.196291,0.446276,0.403916,0.170084,0.135187,0.104644,0.004729,0.085800,0.343675,
>>>TEST RECORD OVER<<<
>>>TEST RECORD START<<<

fmax:
fmax,100000.000000
fmax,100000.000000
fmax,100000.000000
fmax,100000.000000
fmax,100000.000000
fmax,100000.000000
fmax,100000.000000
fmax,100000.000000
fmax,100000.000000
fmax,100000.000000

opt_arr:
f1
opt_arr,-1.205634
opt_arr,1.571856
opt_arr,1.276742
opt_arr,-3.379467
opt_arr,-3.494217
opt_arr,-3.777734
opt_arr,2.582324
opt_arr,1.090579
opt_arr,-4.546495
opt_arr,-0.253456

f2
opt_arr,-1.415906
opt_arr,0.336467
opt_arr,-4.955138
opt_arr,1.739708
opt_arr,2.043062
opt_arr,-3.568987
opt_arr,2.991882
opt_arr,2.273476
opt_arr,-1.880093
opt_arr,2.764214

f3
opt_arr,-2.490463
opt_arr,-3.449965
opt_arr,-3.338267
opt_arr,-1.568194
opt_arr,0.394757
opt_arr,-3.079470
opt_arr,2.398297
opt_arr,-1.100345
opt_arr,1.292611
opt_arr,1.328623

f4
opt_arr,-4.139683
opt_arr,4.492477
opt_arr,-1.529130
opt_arr,2.240211
opt_arr,2.835932
opt_arr,3.282418
opt_arr,-3.591266
opt_arr,-4.870602
opt_arr,-4.830317
opt_arr,-0.066378

f5
opt_arr,-4.484848
opt_arr,0.572985
opt_arr,0.728324
opt_arr,-2.936033
opt_arr,4.287088
opt_arr,-0.978881
opt_arr,-4.667959
opt_arr,0.692923
opt_arr,-0.776543
opt_arr,2.308878

f6
opt_arr,4.477523
opt_arr,-3.670919
opt_arr,2.806024
opt_arr,0.966674
opt_arr,-2.347331
opt_arr,-2.730338
opt_arr,4.856258
opt_arr,1.393323
opt_arr,3.066958
opt_arr,1.665242

f7
opt_arr,-2.414167
opt_arr,1.957915
opt_arr,-4.399701
opt_arr,-0.080111
opt_arr,-0.348064
opt_arr,2.085482
opt_arr,-4.210791
opt_arr,-1.016419
opt_arr,-0.474105
opt_arr,3.398389

f8
opt_arr,2.660451
opt_arr,-4.897763
opt_arr,3.493301
opt_arr,-3.033692
opt_arr,-1.777245
opt_arr,1.588946
opt_arr,-1.405835
opt_arr,-4.264504
opt_arr,-3.564714
opt_arr,3.173467

f9
opt_arr,-4.181494
opt_arr,-3.804590
opt_arr,4.457381
opt_arr,3.500626
opt_arr,3.866543
opt_arr,-1.655477
opt_arr,-1.002991
opt_arr,-2.667776
opt_arr,-1.212043
opt_arr,-1.978973

f10
opt_arr,0.000000
opt_arr,0.000000
opt_arr,0.000000
opt_arr,0.000000
opt_arr,0.000000
opt_arr,0.000000
opt_arr,0.000000
opt_arr,0.000000
opt_arr,0.000000
opt_arr,0.000000


D*D rotate orthodox matrix:
0.389438,-0.201537,0.161376,0.209239,-0.592055,-0.423869,-0.350601,0.103868,0.195874,-0.188753,
0.074646,0.978767,0.021993,0.042195,-0.141198,-0.073660,-0.058665,0.006253,0.047395,-0.055573,
-0.099944,0.003448,0.964883,-0.041781,-0.006233,0.152076,0.138704,-0.104596,0.005951,-0.062245,
-0.083128,0.002868,0.015881,0.974879,0.157397,0.081988,0.065283,-0.006887,-0.052836,0.061996,
0.244973,-0.008452,-0.046801,0.010932,0.468981,-0.051203,0.021908,-0.322471,0.402950,-0.669482,
0.295921,-0.010209,-0.056535,0.013206,-0.175271,0.869432,-0.295482,0.125427,0.115296,-0.077387,
0.382575,-0.013199,-0.073089,0.017073,-0.226595,0.062023,0.856517,0.214277,0.111461,-0.026028,
-0.293811,0.010137,0.056131,-0.013112,0.174021,-0.047632,-0.053607,0.863949,0.099421,-0.344283,
-0.128815,0.004444,0.024610,-0.005749,0.076296,-0.020883,-0.023503,0.037594,0.851417,0.499614,
0.654984,0.030076,0.166548,-0.038905,0.516341,-0.141330,-0.159058,0.254419,-0.183519,0.361315,
>>>TEST RECORD OVER<<<
>>>TEST RECORD START<<<

fmax:
fmax,100000.000000
fmax,100000.000000
fmax,100000.000000
fmax,100000.000000
fmax,100000.000000
fmax,100000.000000
fmax,100000.000000
fmax,100000.000000
fmax,100000.000000
fmax,100000.000000

opt_arr:
f1
opt_arr,1.251106
opt_arr,-2.850276
opt_arr,-0.251930
opt_arr,-1.552019
opt_arr,-4.269997
opt_arr,0.137791
opt_arr,3.949553
opt_arr,-0.976135
opt_arr,-3.565630
opt_arr,4.811701

f2
opt_arr,-2.679678
opt_arr,3.471023
opt_arr,-0.802179
opt_arr,-1.149174
opt_arr,-3.718833
opt_arr,-0.846126
opt_arr,-2.950377
opt_arr,2.800836
opt_arr,-4.706412
opt_arr,-0.607471

f3
opt_arr,4.918210
opt_arr,2.214270
opt_arr,1.689962
opt_arr,-4.779351
opt_arr,-4.396954
opt_arr,-4.019745
opt_arr,1.930448
opt_arr,2.869808
opt_arr,-1.418348
opt_arr,-3.836940

f4
opt_arr,3.346202
opt_arr,4.783624
opt_arr,-1.793725
opt_arr,-0.350505
opt_arr,0.435347
opt_arr,-3.016907
opt_arr,2.862789
opt_arr,-3.067873
opt_arr,-0.227821
opt_arr,0.593127

f5
opt_arr,1.645100
opt_arr,-1.668905
opt_arr,2.589648
opt_arr,0.336467
opt_arr,0.114597
opt_arr,2.968993
opt_arr,-0.897397
opt_arr,-2.181616
opt_arr,1.701865
opt_arr,0.813471

f6
opt_arr,3.631855
opt_arr,2.407758
opt_arr,-3.684652
opt_arr,3.098392
opt_arr,4.589221
opt_arr,-2.476119
opt_arr,2.723624
opt_arr,1.436659
opt_arr,-1.608478
opt_arr,-4.847102

f7
opt_arr,-3.737754
opt_arr,0.936460
opt_arr,1.360363
opt_arr,-3.605914
opt_arr,-1.556291
opt_arr,-2.366558
opt_arr,-1.326792
opt_arr,0.856197
opt_arr,0.017243
opt_arr,-4.445784

f8
opt_arr,4.428694
opt_arr,2.712638
opt_arr,4.052400
opt_arr,3.717917
opt_arr,1.886807
opt_arr,-3.768883
opt_arr,0.602588
opt_arr,-1.606952
opt_arr,-2.052217
opt_arr,-1.413160

f9
opt_arr,-0.484481
opt_arr,0.923032
opt_arr,0.932188
opt_arr,2.773675
opt_arr,2.946409
opt_arr,-3.573565
opt_arr,-4.277627
opt_arr,-1.574602
opt_arr,4.146397
opt_arr,3.692892

f10
opt_arr,0.000000
opt_arr,0.000000
opt_arr,0.000000
opt_arr,0.000000
opt_arr,0.000000
opt_arr,0.000000
opt_arr,0.000000
opt_arr,0.000000
opt_arr,0.000000
opt_arr,0.000000


D*D rotate orthodox matrix:
0.457388,0.338815,-0.418078,-0.084474,-0.202519,-0.506582,0.118079,0.407057,-0.030296,0.126019,
-0.091063,0.674536,0.368992,-0.314213,0.108907,0.198061,0.270233,-0.022163,0.202901,0.368849,
0.223970,0.096329,0.780991,0.224754,-0.154305,-0.326202,-0.178321,0.151991,-0.173099,-0.254981,
0.020484,0.008810,-0.003819,0.858765,0.054734,0.067738,0.278545,0.073003,0.181783,0.372109,
0.128787,0.055391,-0.024013,0.027818,0.956973,-0.177659,-0.072581,0.093403,-0.079458,-0.106444,
0.423333,0.182075,-0.078933,0.091439,-0.018945,0.743790,-0.147480,0.325282,-0.200128,-0.227715,
-0.014744,-0.006341,0.002749,-0.003185,0.000660,0.000935,0.836810,-0.084970,-0.239258,-0.484776,
-0.486751,-0.209352,0.090758,-0.105138,0.021784,0.030873,0.093294,0.825174,0.093752,-0.011025,
0.129395,0.055653,-0.024126,0.027949,-0.005791,-0.008207,-0.024801,-0.004971,0.867402,-0.475047,
0.531261,-0.581088,0.251912,-0.291827,0.060464,0.085692,0.258953,0.051906,0.173553,0.347283,
>>>TEST RECORD OVER<<<
