>>>TEST RECORD START<<<

fmax:
fmax,100000.000000
fmax,100000.000000
fmax,100000.000000
fmax,100000.000000
fmax,100000.000000
fmax,100000.000000
fmax,100000.000000
fmax,100000.000000
fmax,100000.000000
fmax,100000.000000

opt_arr:
f1
opt_arr,3.055971
opt_arr,-2.492599
opt_arr,2.799310
opt_arr,-2.400128
opt_arr,-3.679464
opt_arr,0.336467
opt_arr,4.118320
opt_arr,1.197089
opt_arr,1.950285
opt_arr,-3.061464

f2
opt_arr,-4.423505
opt_arr,-2.185583
opt_arr,4.764397
opt_arr,3.564104
opt_arr,1.297800
opt_arr,1.454665
opt_arr,-1.360363
opt_arr,-4.069185
opt_arr,-2.916501
opt_arr,0.850398

f3
opt_arr,3.963591
opt_arr,-1.884365
opt_arr,-0.015412
opt_arr,2.001556
opt_arr,-3.722495
opt_arr,-2.126072
opt_arr,-1.403394
opt_arr,-1.458632
opt_arr,1.425672
opt_arr,2.445296

f4
opt_arr,1.888028
opt_arr,-3.501541
opt_arr,-2.483139
opt_arr,3.912320
opt_arr,-0.622120
opt_arr,-4.983520
opt_arr,-0.980102
opt_arr,-1.828822
opt_arr,0.471969
opt_arr,-0.407270

f5
opt_arr,3.296762
opt_arr,-3.421583
opt_arr,-4.225745
opt_arr,-0.602588
opt_arr,4.891354
opt_arr,4.336222
opt_arr,-1.819056
opt_arr,-4.759819
opt_arr,-2.116611
opt_arr,4.676199

f6
opt_arr,-3.427992
opt_arr,-0.258339
opt_arr,1.624348
opt_arr,2.912229
opt_arr,-0.083468
opt_arr,-3.725547
opt_arr,0.158849
opt_arr,-0.588244
opt_arr,4.595935
opt_arr,-1.761376

f7
opt_arr,0.657216
opt_arr,-4.439070
opt_arr,2.764519
opt_arr,-4.772332
opt_arr,1.158635
opt_arr,1.778466
opt_arr,4.560533
opt_arr,-2.343974
opt_arr,2.946409
opt_arr,1.641133

f8
opt_arr,1.971038
opt_arr,-3.598895
opt_arr,-2.137364
opt_arr,1.189154
opt_arr,-2.825251
opt_arr,-0.966674
opt_arr,-4.120457
opt_arr,-2.535325
opt_arr,3.168584
opt_arr,-0.815302

f9
opt_arr,3.233589
opt_arr,-4.642628
opt_arr,-0.509507
opt_arr,0.628834
opt_arr,-3.559221
opt_arr,-3.193304
opt_arr,0.854060
opt_arr,2.628407
opt_arr,2.505112
opt_arr,1.433607

f10
opt_arr,0.000000
opt_arr,0.000000
opt_arr,0.000000
opt_arr,0.000000
opt_arr,0.000000
opt_arr,0.000000
opt_arr,0.000000
opt_arr,0.000000
opt_arr,0.000000
opt_arr,0.000000


D*D rotate orthodox matrix:
0.431186,0.472518,-0.319357,0.377612,-0.213432,-0.228218,0.099825,0.413915,0.032201,-0.257412,
-0.224497,0.753534,-0.167633,-0.331449,0.367810,0.265619,-0.004556,-0.163548,-0.064143,-0.084310,
0.200699,0.029365,0.746059,-0.031690,0.295556,0.119615,0.119416,0.272593,-0.057900,-0.455706,
-0.247414,-0.036200,-0.044423,0.834130,0.356245,0.264647,-0.014093,-0.190184,-0.061626,-0.051144,
0.230134,0.033672,0.041321,0.016687,0.649556,-0.524571,-0.076822,0.078363,0.147175,0.461646,
0.407747,0.059660,0.073211,0.029566,-0.056281,0.677520,-0.072183,0.208890,0.196888,0.523582,
-0.039483,-0.005777,-0.007089,-0.002863,0.005450,0.003117,0.978932,-0.075703,0.031522,0.182420,
-0.564527,-0.082599,-0.101362,-0.040934,0.077921,0.044562,0.014395,0.792985,-0.086157,0.134253,
-0.178229,-0.026078,-0.032001,-0.012923,0.024601,0.014069,0.004545,0.004979,0.955489,-0.229249,
-0.301581,0.441035,0.541218,0.218566,-0.416055,-0.237940,-0.076859,-0.084215,0.076793,0.353887,
>>>TEST RECORD OVER<<<
