>>>TEST RECORD START<<<

fmax:
fmax,100000.000000
fmax,100000.000000
fmax,100000.000000
fmax,100000.000000
fmax,100000.000000
fmax,100000.000000
fmax,100000.000000
fmax,100000.000000
fmax,100000.000000
fmax,100000.000000

opt_arr:
f1
opt_arr,4.128697
opt_arr,3.894314
opt_arr,-3.641316
opt_arr,4.163793
opt_arr,-1.298410
opt_arr,-4.418928
opt_arr,-4.590442
opt_arr,3.677633
opt_arr,3.148747
opt_arr,4.308756

f2
opt_arr,-0.082858
opt_arr,-2.598804
opt_arr,2.288736
opt_arr,-0.197302
opt_arr,3.148747
opt_arr,3.194830
opt_arr,4.558092
opt_arr,-4.294717
opt_arr,2.327799
opt_arr,-0.061190

f3
opt_arr,-3.340709
opt_arr,-3.124943
opt_arr,2.981506
opt_arr,-4.256264
opt_arr,-4.816889
opt_arr,-4.230628
opt_arr,-3.958403
opt_arr,-2.102268
opt_arr,3.017823
opt_arr,4.474471

f4
opt_arr,-1.988433
opt_arr,3.614765
opt_arr,3.351085
opt_arr,3.936125
opt_arr,-0.487228
opt_arr,-4.355754
opt_arr,-0.912046
opt_arr,-3.032777
opt_arr,2.521592
opt_arr,1.812647

f5
opt_arr,0.488754
opt_arr,-3.416395
opt_arr,1.611225
opt_arr,2.544786
opt_arr,-1.159551
opt_arr,-3.767663
opt_arr,-0.490280
opt_arr,-4.557482
opt_arr,-1.021302
opt_arr,3.482315

f6
opt_arr,2.286905
opt_arr,0.974609
opt_arr,-1.531571
opt_arr,3.728904
opt_arr,4.481796
opt_arr,-1.659444
opt_arr,-3.742637
opt_arr,-4.514451
opt_arr,-0.515305
opt_arr,-4.423811

f7
opt_arr,-1.385083
opt_arr,3.817103
opt_arr,-4.512619
opt_arr,2.957701
opt_arr,-4.832148
opt_arr,3.478957
opt_arr,2.308267
opt_arr,3.767663
opt_arr,2.848140
opt_arr,-1.670125

f8
opt_arr,-0.588244
opt_arr,1.491287
opt_arr,0.561083
opt_arr,-1.427198
opt_arr,0.432295
opt_arr,-2.502670
opt_arr,2.390057
opt_arr,2.392499
opt_arr,4.512009
opt_arr,-1.729637

f9
opt_arr,2.148045
opt_arr,3.549455
opt_arr,-0.230567
opt_arr,-3.743858
opt_arr,-2.909787
opt_arr,1.492508
opt_arr,-0.791192
opt_arr,3.385571
opt_arr,3.600116
opt_arr,-4.443648

f10
opt_arr,0.000000
opt_arr,0.000000
opt_arr,0.000000
opt_arr,0.000000
opt_arr,0.000000
opt_arr,0.000000
opt_arr,0.000000
opt_arr,0.000000
opt_arr,0.000000
opt_arr,0.000000


D*D rotate orthodox matrix:
0.181489,0.409571,0.463557,-0.146058,0.118245,-0.068493,-0.542206,-0.396889,-0.078159,0.294626,
-0.137550,0.667756,-0.341099,0.422642,-0.343361,0.072831,0.090619,0.015094,-0.282528,0.169543,
-0.159743,0.053959,0.817719,0.254420,-0.206456,0.068727,0.348000,0.234059,-0.069099,-0.100824,
0.179072,-0.060487,0.000980,0.801626,0.401396,-0.091055,-0.175559,-0.071014,0.306375,-0.150101,
-0.253611,0.085665,-0.001388,-0.042325,0.777318,0.128982,0.248258,0.100237,-0.434307,0.213044,
0.086216,-0.029122,0.000472,0.014388,-0.011704,0.979768,-0.114411,-0.060848,0.115620,-0.035615,
0.354282,-0.119670,0.001939,0.059125,-0.048094,0.003965,0.615789,-0.599913,0.056580,0.334726,
0.486777,-0.164425,0.002664,0.081237,-0.066081,0.005448,-0.083417,0.584086,-0.054163,0.611523,
-0.480639,0.162351,-0.002630,-0.080213,0.065247,-0.005379,0.082365,0.073466,0.719905,0.448839,
-0.474683,-0.551256,0.008930,0.272359,-0.221544,0.018265,-0.279668,-0.249449,-0.298394,0.342987,
>>>TEST RECORD OVER<<<
