>>>TEST RECORD START<<<

fmax:
fmax,6327.916492
fmax,6327.916492
fmax,17.702132
fmax,17.702132
fmax,25.999573
fmax,25.999573
fmax,21.770230
fmax,21.770230
fmax,100000.000000
fmax,100000.000000

opt_arr:
f1
opt_arr,-3.364818
opt_arr,3.850368
opt_arr,4.395734
opt_arr,0.325480
opt_arr,2.431867
opt_arr,3.646199
opt_arr,0.740532
opt_arr,2.241127
opt_arr,-0.598010
opt_arr,-2.114170

f2
opt_arr,2.664724
opt_arr,2.242958
opt_arr,2.952208
opt_arr,3.932768
opt_arr,2.344584
opt_arr,-3.985565
opt_arr,4.396039
opt_arr,-2.248756
opt_arr,-2.838374
opt_arr,0.575121

f3
opt_arr,0.180212
opt_arr,2.486190
opt_arr,-4.772637
opt_arr,3.959319
opt_arr,4.098788
opt_arr,-1.929228
opt_arr,-2.198706
opt_arr,4.210791
opt_arr,1.554765
opt_arr,4.686575

f4
opt_arr,0.164953
opt_arr,3.008057
opt_arr,-0.061190
opt_arr,-2.119968
opt_arr,-2.481918
opt_arr,4.230323
opt_arr,4.183020
opt_arr,-1.844386
opt_arr,-2.545396
opt_arr,2.775506

f5
opt_arr,1.549272
opt_arr,2.850581
opt_arr,-4.415571
opt_arr,3.948027
opt_arr,4.724723
opt_arr,3.109684
opt_arr,-4.138157
opt_arr,-1.277963
opt_arr,-2.725455
opt_arr,3.768273

f6
opt_arr,2.183142
opt_arr,-4.801019
opt_arr,0.524461
opt_arr,-1.039918
opt_arr,2.816095
opt_arr,1.568194
opt_arr,-4.070406
opt_arr,1.258736
opt_arr,4.225745
opt_arr,0.880917

f7
opt_arr,1.995148
opt_arr,-2.833796
opt_arr,-4.145482
opt_arr,2.958922
opt_arr,-0.192114
opt_arr,-3.236030
opt_arr,2.424848
opt_arr,3.739586
opt_arr,-3.751793
opt_arr,0.334941

f8
opt_arr,-4.680471
opt_arr,-2.623218
opt_arr,-1.063417
opt_arr,-0.229957
opt_arr,-0.387127
opt_arr,1.409497
opt_arr,1.980499
opt_arr,-2.425764
opt_arr,-1.698202
opt_arr,0.306558

f9
opt_arr,-3.412122
opt_arr,1.281930
opt_arr,0.312967
opt_arr,-2.295450
opt_arr,-4.396649
opt_arr,-3.906522
opt_arr,3.836940
opt_arr,2.650075
opt_arr,-3.965423
opt_arr,3.550981

f10
opt_arr,0.000000
opt_arr,0.000000
opt_arr,0.000000
opt_arr,0.000000
opt_arr,0.000000
opt_arr,0.000000
opt_arr,0.000000
opt_arr,0.000000
opt_arr,0.000000
opt_arr,0.000000


D*D rotate orthodox matrix:
0.395901,-0.488884,0.396136,0.315052,-0.178123,-0.076340,0.091189,0.349289,-0.141261,0.400305,
0.231191,0.809259,0.384784,0.303013,0.040796,0.123140,0.138233,0.074934,0.031175,0.096191,
-0.316901,0.009734,0.740119,-0.464184,-0.115331,-0.237599,-0.224344,-0.049776,-0.089365,-0.075411,
-0.460432,0.014142,-0.016668,0.710655,-0.163835,-0.340891,-0.323764,-0.075646,-0.126911,-0.113112,
-0.036992,0.001136,-0.001339,-0.001039,0.891957,-0.275728,-0.151843,0.184987,-0.178500,0.194615,
-0.290798,0.008932,-0.010527,-0.008166,-0.009934,0.744917,-0.387800,0.230579,-0.325349,0.225327,
-0.503039,0.015451,-0.018211,-0.014126,-0.017185,-0.019903,0.773979,0.141632,-0.336214,0.115533,
-0.108462,0.003331,-0.003926,-0.003046,-0.003705,-0.004291,-0.002174,0.808173,0.336936,-0.470631,
-0.343289,0.010544,-0.012427,-0.009640,-0.011728,-0.013583,-0.006882,0.010450,0.714427,0.609024,
0.093797,0.324585,-0.382556,-0.296747,-0.361015,-0.418118,-0.211856,0.321687,-0.283365,0.342963,
>>>TEST RECORD OVER<<<
>>>TEST RECORD START<<<

fmax:
fmax,6327.916492
fmax,6327.916492
fmax,17.702132
fmax,17.702132
fmax,25.999573
fmax,25.999573
fmax,21.770230
fmax,21.770230
fmax,100000.000000
fmax,100000.000000

opt_arr:
f1
opt_arr,-3.364818
opt_arr,3.850368
opt_arr,4.395734
opt_arr,0.325480
opt_arr,2.431867
opt_arr,3.646199
opt_arr,0.740532
opt_arr,2.241127
opt_arr,-0.598010
opt_arr,-2.114170

f2
opt_arr,2.664724
opt_arr,2.242958
opt_arr,2.952208
opt_arr,3.932768
opt_arr,2.344584
opt_arr,-3.985565
opt_arr,4.396039
opt_arr,-2.248756
opt_arr,-2.838374
opt_arr,0.575121

f3
opt_arr,0.180212
opt_arr,2.486190
opt_arr,-4.772637
opt_arr,3.959319
opt_arr,4.098788
opt_arr,-1.929228
opt_arr,-2.198706
opt_arr,4.210791
opt_arr,1.554765
opt_arr,4.686575

f4
opt_arr,0.164953
opt_arr,3.008057
opt_arr,-0.061190
opt_arr,-2.119968
opt_arr,-2.481918
opt_arr,4.230323
opt_arr,4.183020
opt_arr,-1.844386
opt_arr,-2.545396
opt_arr,2.775506

f5
opt_arr,1.549272
opt_arr,2.850581
opt_arr,-4.415571
opt_arr,3.948027
opt_arr,4.724723
opt_arr,3.109684
opt_arr,-4.138157
opt_arr,-1.277963
opt_arr,-2.725455
opt_arr,3.768273

f6
opt_arr,2.183142
opt_arr,-4.801019
opt_arr,0.524461
opt_arr,-1.039918
opt_arr,2.816095
opt_arr,1.568194
opt_arr,-4.070406
opt_arr,1.258736
opt_arr,4.225745
opt_arr,0.880917

f7
opt_arr,1.995148
opt_arr,-2.833796
opt_arr,-4.145482
opt_arr,2.958922
opt_arr,-0.192114
opt_arr,-3.236030
opt_arr,2.424848
opt_arr,3.739586
opt_arr,-3.751793
opt_arr,0.334941

f8
opt_arr,-4.680471
opt_arr,-2.623218
opt_arr,-1.063417
opt_arr,-0.229957
opt_arr,-0.387127
opt_arr,1.409497
opt_arr,1.980499
opt_arr,-2.425764
opt_arr,-1.698202
opt_arr,0.306558

f9
opt_arr,-3.412122
opt_arr,1.281930
opt_arr,0.312967
opt_arr,-2.295450
opt_arr,-4.396649
opt_arr,-3.906522
opt_arr,3.836940
opt_arr,2.650075
opt_arr,-3.965423
opt_arr,3.550981

f10
opt_arr,0.000000
opt_arr,0.000000
opt_arr,0.000000
opt_arr,0.000000
opt_arr,0.000000
opt_arr,0.000000
opt_arr,0.000000
opt_arr,0.000000
opt_arr,0.000000
opt_arr,0.000000


D*D rotate orthodox matrix:
0.395901,-0.488884,0.396136,0.315052,-0.178123,-0.076340,0.091189,0.349289,-0.141261,0.400305,
0.231191,0.809259,0.384784,0.303013,0.040796,0.123140,0.138233,0.074934,0.031175,0.096191,
-0.316901,0.009734,0.740119,-0.464184,-0.115331,-0.237599,-0.224344,-0.049776,-0.089365,-0.075411,
-0.460432,0.014142,-0.016668,0.710655,-0.163835,-0.340891,-0.323764,-0.075646,-0.126911,-0.113112,
-0.036992,0.001136,-0.001339,-0.001039,0.891957,-0.275728,-0.151843,0.184987,-0.178500,0.194615,
-0.290798,0.008932,-0.010527,-0.008166,-0.009934,0.744917,-0.387800,0.230579,-0.325349,0.225327,
-0.503039,0.015451,-0.018211,-0.014126,-0.017185,-0.019903,0.773979,0.141632,-0.336214,0.115533,
-0.108462,0.003331,-0.003926,-0.003046,-0.003705,-0.004291,-0.002174,0.808173,0.336936,-0.470631,
-0.343289,0.010544,-0.012427,-0.009640,-0.011728,-0.013583,-0.006882,0.010450,0.714427,0.609024,
0.093797,0.324585,-0.382556,-0.296747,-0.361015,-0.418118,-0.211856,0.321687,-0.283365,0.342963,
>>>TEST RECORD OVER<<<
>>>TEST RECORD START<<<

fmax:
fmax,6327.916492
fmax,6327.916492
fmax,17.702132
fmax,17.702132
fmax,25.999573
fmax,25.999573
fmax,21.770230
fmax,21.770230
fmax,100000.000000
fmax,100000.000000

opt_arr:
f1
opt_arr,-3.364818
opt_arr,3.850368
opt_arr,4.395734
opt_arr,0.325480
opt_arr,2.431867
opt_arr,3.646199
opt_arr,0.740532
opt_arr,2.241127
opt_arr,-0.598010
opt_arr,-2.114170

f2
opt_arr,2.664724
opt_arr,2.242958
opt_arr,2.952208
opt_arr,3.932768
opt_arr,2.344584
opt_arr,-3.985565
opt_arr,4.396039
opt_arr,-2.248756
opt_arr,-2.838374
opt_arr,0.575121

f3
opt_arr,0.180212
opt_arr,2.486190
opt_arr,-4.772637
opt_arr,3.959319
opt_arr,4.098788
opt_arr,-1.929228
opt_arr,-2.198706
opt_arr,4.210791
opt_arr,1.554765
opt_arr,4.686575

f4
opt_arr,0.164953
opt_arr,3.008057
opt_arr,-0.061190
opt_arr,-2.119968
opt_arr,-2.481918
opt_arr,4.230323
opt_arr,4.183020
opt_arr,-1.844386
opt_arr,-2.545396
opt_arr,2.775506

f5
opt_arr,1.549272
opt_arr,2.850581
opt_arr,-4.415571
opt_arr,3.948027
opt_arr,4.724723
opt_arr,3.109684
opt_arr,-4.138157
opt_arr,-1.277963
opt_arr,-2.725455
opt_arr,3.768273

f6
opt_arr,2.183142
opt_arr,-4.801019
opt_arr,0.524461
opt_arr,-1.039918
opt_arr,2.816095
opt_arr,1.568194
opt_arr,-4.070406
opt_arr,1.258736
opt_arr,4.225745
opt_arr,0.880917

f7
opt_arr,1.995148
opt_arr,-2.833796
opt_arr,-4.145482
opt_arr,2.958922
opt_arr,-0.192114
opt_arr,-3.236030
opt_arr,2.424848
opt_arr,3.739586
opt_arr,-3.751793
opt_arr,0.334941

f8
opt_arr,-4.680471
opt_arr,-2.623218
opt_arr,-1.063417
opt_arr,-0.229957
opt_arr,-0.387127
opt_arr,1.409497
opt_arr,1.980499
opt_arr,-2.425764
opt_arr,-1.698202
opt_arr,0.306558

f9
opt_arr,-3.412122
opt_arr,1.281930
opt_arr,0.312967
opt_arr,-2.295450
opt_arr,-4.396649
opt_arr,-3.906522
opt_arr,3.836940
opt_arr,2.650075
opt_arr,-3.965423
opt_arr,3.550981

f10
opt_arr,0.000000
opt_arr,0.000000
opt_arr,0.000000
opt_arr,0.000000
opt_arr,0.000000
opt_arr,0.000000
opt_arr,0.000000
opt_arr,0.000000
opt_arr,0.000000
opt_arr,0.000000


D*D rotate orthodox matrix:
0.395901,-0.488884,0.396136,0.315052,-0.178123,-0.076340,0.091189,0.349289,-0.141261,0.400305,
0.231191,0.809259,0.384784,0.303013,0.040796,0.123140,0.138233,0.074934,0.031175,0.096191,
-0.316901,0.009734,0.740119,-0.464184,-0.115331,-0.237599,-0.224344,-0.049776,-0.089365,-0.075411,
-0.460432,0.014142,-0.016668,0.710655,-0.163835,-0.340891,-0.323764,-0.075646,-0.126911,-0.113112,
-0.036992,0.001136,-0.001339,-0.001039,0.891957,-0.275728,-0.151843,0.184987,-0.178500,0.194615,
-0.290798,0.008932,-0.010527,-0.008166,-0.009934,0.744917,-0.387800,0.230579,-0.325349,0.225327,
-0.503039,0.015451,-0.018211,-0.014126,-0.017185,-0.019903,0.773979,0.141632,-0.336214,0.115533,
-0.108462,0.003331,-0.003926,-0.003046,-0.003705,-0.004291,-0.002174,0.808173,0.336936,-0.470631,
-0.343289,0.010544,-0.012427,-0.009640,-0.011728,-0.013583,-0.006882,0.010450,0.714427,0.609024,
0.093797,0.324585,-0.382556,-0.296747,-0.361015,-0.418118,-0.211856,0.321687,-0.283365,0.342963,
>>>TEST RECORD OVER<<<
