>>>TEST RECORD START<<<

fmax:
fmax,6345.705523
fmax,6345.705523
fmax,24.855926
fmax,24.855926
fmax,25.978016
fmax,25.978016
fmax,21.486761
fmax,21.486761
fmax,100000.000000
fmax,100000.000000

opt_arr:
f1
opt_arr,2.215796
opt_arr,2.338176
opt_arr,-2.994324
opt_arr,-3.004700
opt_arr,2.760247
opt_arr,0.133518
opt_arr,3.399304
opt_arr,4.277322
opt_arr,4.126255
opt_arr,-1.389966

f2
opt_arr,3.627583
opt_arr,-3.517106
opt_arr,-0.753349
opt_arr,-3.196661
opt_arr,2.071444
opt_arr,1.002075
opt_arr,-0.642567
opt_arr,-4.201025
opt_arr,-3.893399
opt_arr,-1.181219

f3
opt_arr,-2.825861
opt_arr,-4.559923
opt_arr,-2.777642
opt_arr,-2.596057
opt_arr,-0.529954
opt_arr,2.856685
opt_arr,-3.308359
opt_arr,-0.045625
opt_arr,0.604114
opt_arr,-1.881619

f4
opt_arr,-0.144505
opt_arr,-1.207465
opt_arr,3.575091
opt_arr,-2.666250
opt_arr,-1.919156
opt_arr,-4.261147
opt_arr,0.151524
opt_arr,-1.500137
opt_arr,2.459944
opt_arr,-2.730033

f5
opt_arr,-3.347423
opt_arr,0.420392
opt_arr,-1.693625
opt_arr,-2.727592
opt_arr,-3.069399
opt_arr,0.000153
opt_arr,4.518418
opt_arr,-4.790948
opt_arr,-0.874813
opt_arr,-1.765954

f6
opt_arr,-3.134709
opt_arr,2.506638
opt_arr,-2.249367
opt_arr,0.199133
opt_arr,-0.735649
opt_arr,4.978942
opt_arr,-2.325053
opt_arr,-0.639821
opt_arr,2.105319
opt_arr,4.096652

f7
opt_arr,1.560259
opt_arr,1.508988
opt_arr,1.691183
opt_arr,4.920652
opt_arr,-2.683950
opt_arr,-1.360363
opt_arr,-0.145726
opt_arr,3.502457
opt_arr,-2.856685
opt_arr,-1.915494

f8
opt_arr,-2.191687
opt_arr,1.575518
opt_arr,4.714347
opt_arr,-2.791375
opt_arr,3.305307
opt_arr,1.340220
opt_arr,2.065035
opt_arr,-1.009705
opt_arr,-4.849849
opt_arr,-1.838893

f9
opt_arr,2.756279
opt_arr,-1.212348
opt_arr,4.148534
opt_arr,3.985260
opt_arr,2.865230
opt_arr,-2.387310
opt_arr,4.533982
opt_arr,-0.702994
opt_arr,-3.627888
opt_arr,2.220069

f10
opt_arr,0.000000
opt_arr,0.000000
opt_arr,0.000000
opt_arr,0.000000
opt_arr,0.000000
opt_arr,0.000000
opt_arr,0.000000
opt_arr,0.000000
opt_arr,0.000000
opt_arr,0.000000


D*D rotate orthodox matrix:
0.339422,0.388650,0.188693,-0.164656,-0.295165,0.511183,-0.090680,0.269033,0.372852,0.320899,
-0.123152,0.897519,0.055845,-0.042075,0.087596,-0.264402,0.078855,-0.076261,-0.148836,-0.250272,
-0.138918,-0.022787,0.841250,0.357373,0.176336,0.015585,-0.093766,-0.170921,-0.113994,0.249855,
0.196688,0.032263,-0.078448,0.823053,-0.247528,-0.013409,0.127719,0.239658,0.162886,-0.339078,
0.221539,0.036340,-0.088359,0.072372,0.898301,0.172925,0.034386,0.219074,0.215757,-0.063085,
-0.225589,-0.037004,0.089975,-0.073695,-0.014113,0.738319,0.164532,-0.130361,-0.278563,-0.516950,
-0.011263,-0.001848,0.004492,-0.003680,-0.000705,-0.002852,0.948981,-0.059869,0.019968,0.308673,
-0.317549,-0.052088,0.126652,-0.103737,-0.019866,-0.080419,0.046820,0.871910,-0.315401,0.029805,
-0.496225,-0.081397,0.197916,-0.162107,-0.031043,-0.125669,0.073165,0.033995,0.757087,-0.291957,
-0.603713,0.172678,-0.419864,0.343897,0.065856,0.266597,-0.155213,-0.072118,0.045784,0.452065,
>>>TEST RECORD OVER<<<
>>>TEST RECORD START<<<

fmax:
fmax,6361.857969
fmax,6361.857969
fmax,20.907395
fmax,20.907395
fmax,25.924525
fmax,25.924525
fmax,21.241055
fmax,21.241055
fmax,100000.000000
fmax,100000.000000

opt_arr:
f1
opt_arr,0.733818
opt_arr,-3.493606
opt_arr,-0.663930
opt_arr,3.485672
opt_arr,-1.122318
opt_arr,-3.090762
opt_arr,2.003082
opt_arr,-1.277352
opt_arr,-1.135441
opt_arr,3.624836

f2
opt_arr,0.521409
opt_arr,1.100650
opt_arr,-3.843654
opt_arr,3.805811
opt_arr,-2.188025
opt_arr,3.716086
opt_arr,0.881222
opt_arr,3.813135
opt_arr,-0.437178
opt_arr,0.196081

f3
opt_arr,-4.907529
opt_arr,3.680380
opt_arr,2.084262
opt_arr,-2.625965
opt_arr,-4.008759
opt_arr,3.706320
opt_arr,3.782617
opt_arr,-2.873165
opt_arr,1.661885
opt_arr,3.489029

f4
opt_arr,-0.695059
opt_arr,0.185400
opt_arr,0.894040
opt_arr,-1.284982
opt_arr,0.425886
opt_arr,-0.271767
opt_arr,3.648030
opt_arr,-3.986785
opt_arr,2.731254
opt_arr,-2.424238

f5
opt_arr,3.725547
opt_arr,1.189459
opt_arr,2.168493
opt_arr,0.792413
opt_arr,0.212561
opt_arr,1.150090
opt_arr,0.522019
opt_arr,1.511124
opt_arr,-0.746941
opt_arr,4.833369

f6
opt_arr,3.875393
opt_arr,-2.204810
opt_arr,2.716300
opt_arr,3.451796
opt_arr,3.124638
opt_arr,-1.653035
opt_arr,-4.677419
opt_arr,-4.631642
opt_arr,0.607166
opt_arr,-1.125980

f7
opt_arr,-3.211921
opt_arr,-4.087191
opt_arr,1.904202
opt_arr,2.932371
opt_arr,0.552232
opt_arr,-2.551195
opt_arr,-3.119755
opt_arr,-4.948119
opt_arr,-4.353313
opt_arr,0.012055

f8
opt_arr,-0.971862
opt_arr,-1.039918
opt_arr,3.277535
opt_arr,-2.176122
opt_arr,-2.828303
opt_arr,-1.283761
opt_arr,4.669485
opt_arr,1.998810
opt_arr,-1.400952
opt_arr,-4.432051

f9
opt_arr,1.748253
opt_arr,4.753410
opt_arr,-2.320170
opt_arr,-1.656087
opt_arr,-2.786187
opt_arr,-4.566637
opt_arr,-0.963012
opt_arr,0.192114
opt_arr,-4.427778
opt_arr,3.670614

f10
opt_arr,0.000000
opt_arr,0.000000
opt_arr,0.000000
opt_arr,0.000000
opt_arr,0.000000
opt_arr,0.000000
opt_arr,0.000000
opt_arr,0.000000
opt_arr,0.000000
opt_arr,0.000000


D*D rotate orthodox matrix:
0.574668,0.152717,-0.514378,-0.075289,0.314820,0.073753,-0.423357,0.272987,-0.109150,-0.077221,
-0.066536,0.830176,0.015155,-0.084334,0.266062,-0.255419,0.171188,-0.219739,-0.026664,0.291050,
0.353711,0.034376,0.854698,-0.056294,0.226130,0.018989,-0.247511,0.147902,-0.071386,-0.017355,
0.070974,0.006898,0.000882,0.981587,0.135743,-0.069940,-0.013168,-0.026523,-0.026064,0.080792,
-0.415685,-0.040399,-0.005163,-0.010821,0.738045,0.319589,0.121683,0.086730,0.138323,-0.370298,
0.142248,0.013825,0.001767,0.003703,-0.012038,0.823580,0.104802,-0.255187,-0.094443,0.464871,
0.427938,0.041590,0.005316,0.011140,-0.036216,0.029556,0.818092,0.307280,-0.059556,-0.213447,
-0.298458,-0.029006,-0.003707,-0.007769,0.025258,-0.020613,0.010201,0.777745,-0.014504,0.551129,
0.196141,0.019062,0.002436,0.005106,-0.016599,0.013547,-0.006704,0.010323,0.972721,0.119732,
0.177411,-0.530565,-0.067811,-0.142112,0.462015,-0.377049,0.186587,-0.287327,-0.060023,0.430853,
>>>TEST RECORD OVER<<<
>>>TEST RECORD START<<<

fmax:
fmax,6355.132752
fmax,6355.132752
fmax,26.728961
fmax,26.728961
fmax,25.993297
fmax,25.993297
fmax,21.453258
fmax,21.453258
fmax,100000.000000
fmax,100000.000000

opt_arr:
f1
opt_arr,2.750175
opt_arr,2.256691
opt_arr,-1.849574
opt_arr,-0.531785
opt_arr,-3.207343
opt_arr,1.156804
opt_arr,3.538774
opt_arr,1.509293
opt_arr,2.635121
opt_arr,-2.011628

f2
opt_arr,-0.791803
opt_arr,-1.706442
opt_arr,4.047823
opt_arr,-0.979186
opt_arr,-1.399121
opt_arr,-2.256386
opt_arr,-2.478256
opt_arr,-0.995361
opt_arr,-0.204932
opt_arr,3.636128

f3
opt_arr,2.690054
opt_arr,1.156499
opt_arr,1.797082
opt_arr,-2.019868
opt_arr,1.438185
opt_arr,1.072573
opt_arr,-0.946226
opt_arr,-1.269723
opt_arr,1.023133
opt_arr,-1.371044

f4
opt_arr,2.000031
opt_arr,-0.610218
opt_arr,1.504410
opt_arr,-3.066652
opt_arr,-3.544267
opt_arr,2.076022
opt_arr,2.806330
opt_arr,2.389142
opt_arr,-0.319376
opt_arr,0.599841

f5
opt_arr,1.721702
opt_arr,4.935911
opt_arr,-4.097262
opt_arr,-4.867244
opt_arr,4.167760
opt_arr,2.528001
opt_arr,-0.866573
opt_arr,-4.985961
opt_arr,3.011109
opt_arr,-1.083865

f6
opt_arr,-3.922391
opt_arr,1.266671
opt_arr,-3.231147
opt_arr,-1.212653
opt_arr,-3.044984
opt_arr,-4.616993
opt_arr,-0.496384
opt_arr,-0.664846
opt_arr,-2.954039
opt_arr,-4.056978

f7
opt_arr,-2.780694
opt_arr,2.315897
opt_arr,-3.230842
opt_arr,-0.374920
opt_arr,1.077761
opt_arr,-4.342936
opt_arr,3.109073
opt_arr,-1.825159
opt_arr,2.739799
opt_arr,-1.322214

f8
opt_arr,0.203406
opt_arr,-2.104709
opt_arr,2.150182
opt_arr,-0.014496
opt_arr,1.902982
opt_arr,3.215888
opt_arr,3.076418
opt_arr,2.110508
opt_arr,4.116184
opt_arr,0.907468

f9
opt_arr,-3.286996
opt_arr,1.943266
opt_arr,-0.247658
opt_arr,-3.493912
opt_arr,-1.334422
opt_arr,1.031983
opt_arr,4.073763
opt_arr,-0.496994
opt_arr,-0.374920
opt_arr,4.808039

f10
opt_arr,0.000000
opt_arr,0.000000
opt_arr,0.000000
opt_arr,0.000000
opt_arr,0.000000
opt_arr,0.000000
opt_arr,0.000000
opt_arr,0.000000
opt_arr,0.000000
opt_arr,0.000000


D*D rotate orthodox matrix:
0.529453,0.470234,0.324065,-0.221708,-0.122445,-0.380066,0.149743,0.374393,0.109093,-0.102226,
-0.244099,0.829847,-0.191858,0.012288,0.250890,0.134866,-0.125791,-0.260785,-0.140727,-0.173315,
-0.215781,-0.029457,0.919405,0.041389,0.155782,0.132920,-0.091933,-0.200601,-0.093704,-0.078378,
0.185872,0.025374,0.009628,0.944275,0.087358,-0.160483,0.014524,0.072326,-0.022323,-0.183666,
0.054327,0.007416,0.002814,0.005962,0.788884,0.053534,0.145483,0.240576,0.218524,0.494926,
0.358938,0.049001,0.018593,0.039388,-0.085162,0.883089,0.080750,0.221553,0.040870,-0.149966,
-0.136610,-0.018649,-0.007076,-0.014991,0.032412,-0.006728,0.950418,-0.178546,-0.112189,-0.178492,
-0.469605,-0.064108,-0.024326,-0.051532,0.111419,-0.023127,-0.032521,0.746117,-0.278367,-0.352035,
-0.215030,-0.029355,-0.011139,-0.023596,0.051018,-0.010590,-0.014891,-0.023136,0.875574,-0.426752,
-0.402205,0.284510,0.107956,0.228697,-0.494474,0.102638,0.144329,0.224238,0.229974,0.560614,
>>>TEST RECORD OVER<<<
