>>>TEST RECORD START<<<

fmax:
fmax,21.486818
fmax,21.486818
fmax,348.250261
fmax,348.250261
fmax,20.154451
fmax,20.154451
fmax,26.021331
fmax,26.021331
fmax,100000.032098
fmax,100000.032098

opt_arr:
f1
opt_arr,-1.458022
opt_arr,3.873257
opt_arr,-2.280190
opt_arr,3.315378
opt_arr,0.156713
opt_arr,-1.354259
opt_arr,1.445204
opt_arr,-2.675100
opt_arr,4.620655
opt_arr,-0.375530

f2
opt_arr,3.857997
opt_arr,-1.330149
opt_arr,0.947752
opt_arr,1.214789
opt_arr,2.389447
opt_arr,-1.891385
opt_arr,2.708670
opt_arr,0.172582
opt_arr,-0.624256
opt_arr,-4.175695

f3
opt_arr,2.776421
opt_arr,2.610706
opt_arr,-2.715995
opt_arr,-3.001953
opt_arr,2.858516
opt_arr,-3.348643
opt_arr,-2.994629
opt_arr,-1.818445
opt_arr,0.629139
opt_arr,2.287515

f4
opt_arr,4.524827
opt_arr,-1.465651
opt_arr,2.266762
opt_arr,-4.990539
opt_arr,-3.716697
opt_arr,4.985656
opt_arr,3.219550
opt_arr,4.769280
opt_arr,-1.452834
opt_arr,-4.615467

f5
opt_arr,-4.998779
opt_arr,-3.167669
opt_arr,1.087222
opt_arr,-1.296579
opt_arr,0.839412
opt_arr,-3.905911
opt_arr,0.493332
opt_arr,-3.649556
opt_arr,-2.021699
opt_arr,1.410718

f6
opt_arr,3.426466
opt_arr,3.660848
opt_arr,-0.539415
opt_arr,1.512040
opt_arr,-4.875484
opt_arr,-4.374981
opt_arr,3.188116
opt_arr,-0.937681
opt_arr,3.479568
opt_arr,-4.079562

f7
opt_arr,1.086001
opt_arr,4.426557
opt_arr,3.985260
opt_arr,3.301950
opt_arr,-3.828089
opt_arr,-4.297464
opt_arr,-4.114963
opt_arr,4.420148
opt_arr,0.352031
opt_arr,-3.407239

f8
opt_arr,4.817499
opt_arr,-2.869503
opt_arr,0.749077
opt_arr,-1.336863
opt_arr,2.280190
opt_arr,3.350475
opt_arr,-2.620167
opt_arr,-0.437178
opt_arr,-2.775506
opt_arr,-4.472640

f9
opt_arr,-0.007477
opt_arr,3.763695
opt_arr,0.088656
opt_arr,-4.209571
opt_arr,-3.124027
opt_arr,-2.620777
opt_arr,4.586169
opt_arr,1.831263
opt_arr,3.456069
opt_arr,3.631855

f10
opt_arr,0.000000
opt_arr,0.000000
opt_arr,0.000000
opt_arr,0.000000
opt_arr,0.000000
opt_arr,0.000000
opt_arr,0.000000
opt_arr,0.000000
opt_arr,0.000000
opt_arr,0.000000


D*D rotate orthodox matrix:
0.422096,-0.204551,0.236911,-0.142258,0.267448,-0.122271,-0.390405,0.317166,-0.455957,0.395277,
0.098397,0.977342,0.089708,-0.043483,0.069566,-0.019374,-0.073685,0.061064,-0.088937,0.053850,
-0.301896,-0.015794,0.826768,0.247363,-0.293149,-0.041360,0.034780,-0.045223,0.081255,0.257625,
0.197712,0.010343,-0.099761,0.946031,0.180420,0.012465,-0.050526,0.050234,-0.081009,-0.107383,
-0.323499,-0.016924,0.163231,-0.048857,0.892014,0.006792,0.134265,-0.120526,0.184228,0.061657,
-0.016008,-0.000837,0.008077,-0.002418,0.001691,0.983690,-0.060613,0.044007,-0.058253,0.151718,
0.140477,0.007349,-0.070882,0.021216,-0.014841,-0.018767,0.873798,0.176795,-0.247789,0.343492,
-0.153697,-0.008041,0.077552,-0.023212,0.016238,0.020534,0.038967,0.902705,0.240394,-0.308042,
0.305128,0.015963,-0.153962,0.046082,-0.032236,-0.040764,-0.077360,0.057478,0.754114,0.547847,
-0.663742,0.044095,-0.425294,0.127295,-0.089046,-0.112605,-0.213694,0.158773,-0.214053,0.472357,
>>>TEST RECORD OVER<<<
>>>TEST RECORD START<<<

fmax:
fmax,21.486636
fmax,21.486636
fmax,348.250574
fmax,348.250574
fmax,20.153762
fmax,20.153762
fmax,26.021326
fmax,26.021326
fmax,100000.000000
fmax,100000.000000

opt_arr:
f1
opt_arr,-1.458022
opt_arr,3.873257
opt_arr,-2.280190
opt_arr,3.315378
opt_arr,0.156713
opt_arr,-1.354259
opt_arr,1.445204
opt_arr,-2.675100
opt_arr,4.620655
opt_arr,-0.375530

f2
opt_arr,3.857997
opt_arr,-1.330149
opt_arr,0.947752
opt_arr,1.214789
opt_arr,2.389447
opt_arr,-1.891385
opt_arr,2.708670
opt_arr,0.172582
opt_arr,-0.624256
opt_arr,-4.175695

f3
opt_arr,2.776421
opt_arr,2.610706
opt_arr,-2.715995
opt_arr,-3.001953
opt_arr,2.858516
opt_arr,-3.348643
opt_arr,-2.994629
opt_arr,-1.818445
opt_arr,0.629139
opt_arr,2.287515

f4
opt_arr,4.524827
opt_arr,-1.465651
opt_arr,2.266762
opt_arr,-4.990539
opt_arr,-3.716697
opt_arr,4.985656
opt_arr,3.219550
opt_arr,4.769280
opt_arr,-1.452834
opt_arr,-4.615467

f5
opt_arr,-4.998779
opt_arr,-3.167669
opt_arr,1.087222
opt_arr,-1.296579
opt_arr,0.839412
opt_arr,-3.905911
opt_arr,0.493332
opt_arr,-3.649556
opt_arr,-2.021699
opt_arr,1.410718

f6
opt_arr,3.426466
opt_arr,3.660848
opt_arr,-0.539415
opt_arr,1.512040
opt_arr,-4.875484
opt_arr,-4.374981
opt_arr,3.188116
opt_arr,-0.937681
opt_arr,3.479568
opt_arr,-4.079562

f7
opt_arr,1.086001
opt_arr,4.426557
opt_arr,3.985260
opt_arr,3.301950
opt_arr,-3.828089
opt_arr,-4.297464
opt_arr,-4.114963
opt_arr,4.420148
opt_arr,0.352031
opt_arr,-3.407239

f8
opt_arr,4.817499
opt_arr,-2.869503
opt_arr,0.749077
opt_arr,-1.336863
opt_arr,2.280190
opt_arr,3.350475
opt_arr,-2.620167
opt_arr,-0.437178
opt_arr,-2.775506
opt_arr,-4.472640

f9
opt_arr,-0.007477
opt_arr,3.763695
opt_arr,0.088656
opt_arr,-4.209571
opt_arr,-3.124027
opt_arr,-2.620777
opt_arr,4.586169
opt_arr,1.831263
opt_arr,3.456069
opt_arr,3.631855

f10
opt_arr,0.000000
opt_arr,0.000000
opt_arr,0.000000
opt_arr,0.000000
opt_arr,0.000000
opt_arr,0.000000
opt_arr,0.000000
opt_arr,0.000000
opt_arr,0.000000
opt_arr,0.000000


D*D rotate orthodox matrix:
0.422096,-0.204551,0.236911,-0.142258,0.267448,-0.122271,-0.390405,0.317166,-0.455957,0.395277,
0.098397,0.977342,0.089708,-0.043483,0.069566,-0.019374,-0.073685,0.061064,-0.088937,0.053850,
-0.301896,-0.015794,0.826768,0.247363,-0.293149,-0.041360,0.034780,-0.045223,0.081255,0.257625,
0.197712,0.010343,-0.099761,0.946031,0.180420,0.012465,-0.050526,0.050234,-0.081009,-0.107383,
-0.323499,-0.016924,0.163231,-0.048857,0.892014,0.006792,0.134265,-0.120526,0.184228,0.061657,
-0.016008,-0.000837,0.008077,-0.002418,0.001691,0.983690,-0.060613,0.044007,-0.058253,0.151718,
0.140477,0.007349,-0.070882,0.021216,-0.014841,-0.018767,0.873798,0.176795,-0.247789,0.343492,
-0.153697,-0.008041,0.077552,-0.023212,0.016238,0.020534,0.038967,0.902705,0.240394,-0.308042,
0.305128,0.015963,-0.153962,0.046082,-0.032236,-0.040764,-0.077360,0.057478,0.754114,0.547847,
-0.663742,0.044095,-0.425294,0.127295,-0.089046,-0.112605,-0.213694,0.158773,-0.214053,0.472357,
>>>TEST RECORD OVER<<<
>>>TEST RECORD START<<<

fmax:
fmax,21.486636
fmax,21.486636
fmax,348.250574
fmax,348.250574
fmax,20.153762
fmax,20.153762
fmax,26.021326
fmax,26.021326
fmax,100000.000000
fmax,100000.000000

opt_arr:
f1
opt_arr,-1.458022
opt_arr,3.873257
opt_arr,-2.280190
opt_arr,3.315378
opt_arr,0.156713
opt_arr,-1.354259
opt_arr,1.445204
opt_arr,-2.675100
opt_arr,4.620655
opt_arr,-0.375530

f2
opt_arr,3.857997
opt_arr,-1.330149
opt_arr,0.947752
opt_arr,1.214789
opt_arr,2.389447
opt_arr,-1.891385
opt_arr,2.708670
opt_arr,0.172582
opt_arr,-0.624256
opt_arr,-4.175695

f3
opt_arr,2.776421
opt_arr,2.610706
opt_arr,-2.715995
opt_arr,-3.001953
opt_arr,2.858516
opt_arr,-3.348643
opt_arr,-2.994629
opt_arr,-1.818445
opt_arr,0.629139
opt_arr,2.287515

f4
opt_arr,4.524827
opt_arr,-1.465651
opt_arr,2.266762
opt_arr,-4.990539
opt_arr,-3.716697
opt_arr,4.985656
opt_arr,3.219550
opt_arr,4.769280
opt_arr,-1.452834
opt_arr,-4.615467

f5
opt_arr,-4.998779
opt_arr,-3.167669
opt_arr,1.087222
opt_arr,-1.296579
opt_arr,0.839412
opt_arr,-3.905911
opt_arr,0.493332
opt_arr,-3.649556
opt_arr,-2.021699
opt_arr,1.410718

f6
opt_arr,3.426466
opt_arr,3.660848
opt_arr,-0.539415
opt_arr,1.512040
opt_arr,-4.875484
opt_arr,-4.374981
opt_arr,3.188116
opt_arr,-0.937681
opt_arr,3.479568
opt_arr,-4.079562

f7
opt_arr,1.086001
opt_arr,4.426557
opt_arr,3.985260
opt_arr,3.301950
opt_arr,-3.828089
opt_arr,-4.297464
opt_arr,-4.114963
opt_arr,4.420148
opt_arr,0.352031
opt_arr,-3.407239

f8
opt_arr,4.817499
opt_arr,-2.869503
opt_arr,0.749077
opt_arr,-1.336863
opt_arr,2.280190
opt_arr,3.350475
opt_arr,-2.620167
opt_arr,-0.437178
opt_arr,-2.775506
opt_arr,-4.472640

f9
opt_arr,-0.007477
opt_arr,3.763695
opt_arr,0.088656
opt_arr,-4.209571
opt_arr,-3.124027
opt_arr,-2.620777
opt_arr,4.586169
opt_arr,1.831263
opt_arr,3.456069
opt_arr,3.631855

f10
opt_arr,0.000000
opt_arr,0.000000
opt_arr,0.000000
opt_arr,0.000000
opt_arr,0.000000
opt_arr,0.000000
opt_arr,0.000000
opt_arr,0.000000
opt_arr,0.000000
opt_arr,0.000000


D*D rotate orthodox matrix:
0.422096,-0.204551,0.236911,-0.142258,0.267448,-0.122271,-0.390405,0.317166,-0.455957,0.395277,
0.098397,0.977342,0.089708,-0.043483,0.069566,-0.019374,-0.073685,0.061064,-0.088937,0.053850,
-0.301896,-0.015794,0.826768,0.247363,-0.293149,-0.041360,0.034780,-0.045223,0.081255,0.257625,
0.197712,0.010343,-0.099761,0.946031,0.180420,0.012465,-0.050526,0.050234,-0.081009,-0.107383,
-0.323499,-0.016924,0.163231,-0.048857,0.892014,0.006792,0.134265,-0.120526,0.184228,0.061657,
-0.016008,-0.000837,0.008077,-0.002418,0.001691,0.983690,-0.060613,0.044007,-0.058253,0.151718,
0.140477,0.007349,-0.070882,0.021216,-0.014841,-0.018767,0.873798,0.176795,-0.247789,0.343492,
-0.153697,-0.008041,0.077552,-0.023212,0.016238,0.020534,0.038967,0.902705,0.240394,-0.308042,
0.305128,0.015963,-0.153962,0.046082,-0.032236,-0.040764,-0.077360,0.057478,0.754114,0.547847,
-0.663742,0.044095,-0.425294,0.127295,-0.089046,-0.112605,-0.213694,0.158773,-0.214053,0.472357,
>>>TEST RECORD OVER<<<
>>>TEST RECORD START<<<

fmax:
fmax,21.486636
fmax,21.486636
fmax,348.250574
fmax,348.250574
fmax,20.153762
fmax,20.153762
fmax,26.021326
fmax,26.021326
fmax,100000.000000
fmax,100000.000000

opt_arr:
f1
opt_arr,-1.458022
opt_arr,3.873257
opt_arr,-2.280190
opt_arr,3.315378
opt_arr,0.156713
opt_arr,-1.354259
opt_arr,1.445204
opt_arr,-2.675100
opt_arr,4.620655
opt_arr,-0.375530

f2
opt_arr,3.857997
opt_arr,-1.330149
opt_arr,0.947752
opt_arr,1.214789
opt_arr,2.389447
opt_arr,-1.891385
opt_arr,2.708670
opt_arr,0.172582
opt_arr,-0.624256
opt_arr,-4.175695

f3
opt_arr,2.776421
opt_arr,2.610706
opt_arr,-2.715995
opt_arr,-3.001953
opt_arr,2.858516
opt_arr,-3.348643
opt_arr,-2.994629
opt_arr,-1.818445
opt_arr,0.629139
opt_arr,2.287515

f4
opt_arr,4.524827
opt_arr,-1.465651
opt_arr,2.266762
opt_arr,-4.990539
opt_arr,-3.716697
opt_arr,4.985656
opt_arr,3.219550
opt_arr,4.769280
opt_arr,-1.452834
opt_arr,-4.615467

f5
opt_arr,-4.998779
opt_arr,-3.167669
opt_arr,1.087222
opt_arr,-1.296579
opt_arr,0.839412
opt_arr,-3.905911
opt_arr,0.493332
opt_arr,-3.649556
opt_arr,-2.021699
opt_arr,1.410718

f6
opt_arr,3.426466
opt_arr,3.660848
opt_arr,-0.539415
opt_arr,1.512040
opt_arr,-4.875484
opt_arr,-4.374981
opt_arr,3.188116
opt_arr,-0.937681
opt_arr,3.479568
opt_arr,-4.079562

f7
opt_arr,1.086001
opt_arr,4.426557
opt_arr,3.985260
opt_arr,3.301950
opt_arr,-3.828089
opt_arr,-4.297464
opt_arr,-4.114963
opt_arr,4.420148
opt_arr,0.352031
opt_arr,-3.407239

f8
opt_arr,4.817499
opt_arr,-2.869503
opt_arr,0.749077
opt_arr,-1.336863
opt_arr,2.280190
opt_arr,3.350475
opt_arr,-2.620167
opt_arr,-0.437178
opt_arr,-2.775506
opt_arr,-4.472640

f9
opt_arr,-0.007477
opt_arr,3.763695
opt_arr,0.088656
opt_arr,-4.209571
opt_arr,-3.124027
opt_arr,-2.620777
opt_arr,4.586169
opt_arr,1.831263
opt_arr,3.456069
opt_arr,3.631855

f10
opt_arr,0.000000
opt_arr,0.000000
opt_arr,0.000000
opt_arr,0.000000
opt_arr,0.000000
opt_arr,0.000000
opt_arr,0.000000
opt_arr,0.000000
opt_arr,0.000000
opt_arr,0.000000


D*D rotate orthodox matrix:
0.422096,-0.204551,0.236911,-0.142258,0.267448,-0.122271,-0.390405,0.317166,-0.455957,0.395277,
0.098397,0.977342,0.089708,-0.043483,0.069566,-0.019374,-0.073685,0.061064,-0.088937,0.053850,
-0.301896,-0.015794,0.826768,0.247363,-0.293149,-0.041360,0.034780,-0.045223,0.081255,0.257625,
0.197712,0.010343,-0.099761,0.946031,0.180420,0.012465,-0.050526,0.050234,-0.081009,-0.107383,
-0.323499,-0.016924,0.163231,-0.048857,0.892014,0.006792,0.134265,-0.120526,0.184228,0.061657,
-0.016008,-0.000837,0.008077,-0.002418,0.001691,0.983690,-0.060613,0.044007,-0.058253,0.151718,
0.140477,0.007349,-0.070882,0.021216,-0.014841,-0.018767,0.873798,0.176795,-0.247789,0.343492,
-0.153697,-0.008041,0.077552,-0.023212,0.016238,0.020534,0.038967,0.902705,0.240394,-0.308042,
0.305128,0.015963,-0.153962,0.046082,-0.032236,-0.040764,-0.077360,0.057478,0.754114,0.547847,
-0.663742,0.044095,-0.425294,0.127295,-0.089046,-0.112605,-0.213694,0.158773,-0.214053,0.472357,
>>>TEST RECORD OVER<<<
>>>TEST RECORD START<<<

fmax:
fmax,21.486636
fmax,21.486636
fmax,348.250574
fmax,348.250574
fmax,20.153762
fmax,20.153762
fmax,26.021326
fmax,26.021326
fmax,100000.000000
fmax,100000.000000

opt_arr:
f1
opt_arr,-1.458022
opt_arr,3.873257
opt_arr,-2.280190
opt_arr,3.315378
opt_arr,0.156713
opt_arr,-1.354259
opt_arr,1.445204
opt_arr,-2.675100
opt_arr,4.620655
opt_arr,-0.375530

f2
opt_arr,3.857997
opt_arr,-1.330149
opt_arr,0.947752
opt_arr,1.214789
opt_arr,2.389447
opt_arr,-1.891385
opt_arr,2.708670
opt_arr,0.172582
opt_arr,-0.624256
opt_arr,-4.175695

f3
opt_arr,2.776421
opt_arr,2.610706
opt_arr,-2.715995
opt_arr,-3.001953
opt_arr,2.858516
opt_arr,-3.348643
opt_arr,-2.994629
opt_arr,-1.818445
opt_arr,0.629139
opt_arr,2.287515

f4
opt_arr,4.524827
opt_arr,-1.465651
opt_arr,2.266762
opt_arr,-4.990539
opt_arr,-3.716697
opt_arr,4.985656
opt_arr,3.219550
opt_arr,4.769280
opt_arr,-1.452834
opt_arr,-4.615467

f5
opt_arr,-4.998779
opt_arr,-3.167669
opt_arr,1.087222
opt_arr,-1.296579
opt_arr,0.839412
opt_arr,-3.905911
opt_arr,0.493332
opt_arr,-3.649556
opt_arr,-2.021699
opt_arr,1.410718

f6
opt_arr,3.426466
opt_arr,3.660848
opt_arr,-0.539415
opt_arr,1.512040
opt_arr,-4.875484
opt_arr,-4.374981
opt_arr,3.188116
opt_arr,-0.937681
opt_arr,3.479568
opt_arr,-4.079562

f7
opt_arr,1.086001
opt_arr,4.426557
opt_arr,3.985260
opt_arr,3.301950
opt_arr,-3.828089
opt_arr,-4.297464
opt_arr,-4.114963
opt_arr,4.420148
opt_arr,0.352031
opt_arr,-3.407239

f8
opt_arr,4.817499
opt_arr,-2.869503
opt_arr,0.749077
opt_arr,-1.336863
opt_arr,2.280190
opt_arr,3.350475
opt_arr,-2.620167
opt_arr,-0.437178
opt_arr,-2.775506
opt_arr,-4.472640

f9
opt_arr,-0.007477
opt_arr,3.763695
opt_arr,0.088656
opt_arr,-4.209571
opt_arr,-3.124027
opt_arr,-2.620777
opt_arr,4.586169
opt_arr,1.831263
opt_arr,3.456069
opt_arr,3.631855

f10
opt_arr,0.000000
opt_arr,0.000000
opt_arr,0.000000
opt_arr,0.000000
opt_arr,0.000000
opt_arr,0.000000
opt_arr,0.000000
opt_arr,0.000000
opt_arr,0.000000
opt_arr,0.000000


D*D rotate orthodox matrix:
0.422096,-0.204551,0.236911,-0.142258,0.267448,-0.122271,-0.390405,0.317166,-0.455957,0.395277,
0.098397,0.977342,0.089708,-0.043483,0.069566,-0.019374,-0.073685,0.061064,-0.088937,0.053850,
-0.301896,-0.015794,0.826768,0.247363,-0.293149,-0.041360,0.034780,-0.045223,0.081255,0.257625,
0.197712,0.010343,-0.099761,0.946031,0.180420,0.012465,-0.050526,0.050234,-0.081009,-0.107383,
-0.323499,-0.016924,0.163231,-0.048857,0.892014,0.006792,0.134265,-0.120526,0.184228,0.061657,
-0.016008,-0.000837,0.008077,-0.002418,0.001691,0.983690,-0.060613,0.044007,-0.058253,0.151718,
0.140477,0.007349,-0.070882,0.021216,-0.014841,-0.018767,0.873798,0.176795,-0.247789,0.343492,
-0.153697,-0.008041,0.077552,-0.023212,0.016238,0.020534,0.038967,0.902705,0.240394,-0.308042,
0.305128,0.015963,-0.153962,0.046082,-0.032236,-0.040764,-0.077360,0.057478,0.754114,0.547847,
-0.663742,0.044095,-0.425294,0.127295,-0.089046,-0.112605,-0.213694,0.158773,-0.214053,0.472357,
>>>TEST RECORD OVER<<<
