>>>TEST RECORD START<<<

fmax:
fmax,100000.000000
fmax,100000.000000
fmax,100000.000000
fmax,100000.000000
fmax,100000.000000
fmax,100000.000000
fmax,100000.000000
fmax,100000.000000
fmax,100000.000000
fmax,100000.000000

opt_arr:
f1
opt_arr,-1.760765
opt_arr,4.526658
opt_arr,4.672842
opt_arr,-3.731651
opt_arr,3.204596
opt_arr,-1.254463
opt_arr,3.518937
opt_arr,-1.322825
opt_arr,-1.234321
opt_arr,4.813227

f2
opt_arr,3.725547
opt_arr,2.849361
opt_arr,1.814478
opt_arr,-0.853145
opt_arr,-0.245521
opt_arr,-0.747856
opt_arr,4.391461
opt_arr,0.300150
opt_arr,-3.071230
opt_arr,3.972137

f3
opt_arr,-2.931150
opt_arr,-4.945067
opt_arr,4.397870
opt_arr,-3.930021
opt_arr,-1.861476
opt_arr,-2.883236
opt_arr,0.309305
opt_arr,-1.685385
opt_arr,2.659841
opt_arr,-3.784448

f4
opt_arr,-4.248939
opt_arr,1.606952
opt_arr,0.433210
opt_arr,0.431990
opt_arr,-0.974609
opt_arr,-1.590472
opt_arr,-3.033082
opt_arr,-0.442061
opt_arr,-3.184454
opt_arr,-4.507736

f5
opt_arr,-3.513138
opt_arr,2.304910
opt_arr,3.813135
opt_arr,1.306650
opt_arr,1.067385
opt_arr,-4.828486
opt_arr,-2.639393
opt_arr,-1.700339
opt_arr,4.931333
opt_arr,-4.213233

f6
opt_arr,-1.319163
opt_arr,-4.512925
opt_arr,-2.007355
opt_arr,-1.466567
opt_arr,-2.754448
opt_arr,1.585589
opt_arr,-2.300943
opt_arr,-4.726249
opt_arr,-0.144200
opt_arr,4.029511

f7
opt_arr,3.236030
opt_arr,-1.016419
opt_arr,0.988342
opt_arr,4.177221
opt_arr,1.158330
opt_arr,3.107852
opt_arr,-4.022492
opt_arr,4.020966
opt_arr,-3.489944
opt_arr,4.452803

f8
opt_arr,3.587603
opt_arr,4.713431
opt_arr,-1.505325
opt_arr,2.426679
opt_arr,-0.454878
opt_arr,2.223426
opt_arr,4.757073
opt_arr,2.437666
opt_arr,-2.409284
opt_arr,0.432905

f9
opt_arr,3.344371
opt_arr,-3.732566
opt_arr,-0.389264
opt_arr,-3.012940
opt_arr,-3.597369
opt_arr,-2.771844
opt_arr,1.416517
opt_arr,2.213050
opt_arr,4.676504
opt_arr,2.918027

f10
opt_arr,0.000000
opt_arr,0.000000
opt_arr,0.000000
opt_arr,0.000000
opt_arr,0.000000
opt_arr,0.000000
opt_arr,0.000000
opt_arr,0.000000
opt_arr,0.000000
opt_arr,0.000000


D*D rotate orthodox matrix:
0.316477,-0.156036,0.651807,0.373962,-0.385474,0.249059,-0.068793,0.228004,-0.177857,0.108732,
0.089834,0.711996,-0.208913,-0.151134,-0.260110,0.139414,0.000125,0.124414,-0.372379,0.421031,
-0.283367,-0.038172,0.609240,-0.589834,0.195795,-0.154895,0.081073,-0.144987,-0.159780,0.289339,
-0.391713,-0.052768,-0.030910,0.649171,0.253417,-0.206258,0.114321,-0.193593,-0.257701,0.444610,
0.388302,0.052308,0.030641,0.020012,0.811180,0.290401,-0.088747,0.266562,-0.147107,0.047210,
-0.386564,-0.052074,-0.030504,-0.019923,-0.011669,0.873426,0.091379,-0.256167,0.096831,0.013143,
0.159984,0.021551,0.012624,0.008245,0.004829,-0.002202,0.979289,0.095737,0.015364,-0.072637,
-0.504113,-0.067909,-0.039779,-0.025981,-0.015217,0.006939,0.001985,0.851244,0.114523,0.031385,
0.202431,0.027270,0.015974,0.010433,0.006110,-0.002786,-0.000797,-0.002421,0.767828,0.606880,
0.192674,-0.673205,-0.394346,-0.257555,-0.150849,0.068790,0.019673,0.059757,-0.322231,0.390576,
>>>TEST RECORD OVER<<<
